5.135969610036163
9.449970062940716
7.851195360610982
7.3467687559923345
6.096385912710346
8.784032871135546
6.29635995643471
6.806583410002336
8.926063598209
9.183426880560653
8.239643320665191
9.072390569514948
5.5066511322094405
7.661899900592779
5.549295069855756
7.065836513537928
9.458771643799263
5.941923667186625
9.731469686683116
7.035519893678842
8.337093593311426
8.756757807381094
7.868528876907031
7.570460111053504
5.4636976143278835
8.209151996266336
9.496984809431197
7.756829325652552
8.554431169706962
6.445138541660205
8.203313951956252
8.457589971788913
5.89157882304016
9.257815572100276
6.642625816262936
5.504254760095691
8.301057406270386
8.748713386447772
5.018183773243649
6.055803348790388
6.603476557148197
8.843284375281682
5.799027859985769
9.501862501106679
9.525791669206779
8.282250112545555
6.5984609549630004
7.06557425561221
6.283905203484114
6.6919872028331575
8.687915537597277
9.696150448439179
6.1764572643802005
5.47482448334519
5.578727043280718
6.931928206691585
9.566180114745375
6.5540750582295555
9.468596731517675
5.1618148306315454
5.567569725227392
8.458816972141568
8.120035877462833
7.116328387641973
6.608266687819967
5.839884661373552
5.914839877973274
5.47901270972136
8.786415776653994
5.271227212336053
5.41164963017977
7.224823377691482
9.607410015061838
7.109735614047699
9.72291486624827
6.66415355558156
6.25080551159369
5.2618358883175445
6.423080981022004
9.199488800293498
7.991828660338511
8.936590453656496
5.501581143909792
9.486248512675425
5.781777131787373
7.852745954104231
7.082221096089995
7.03019380644708
5.277751957974145
9.911110050448062
9.244801853366164
9.250851439577922
6.80453757177367
8.043835532490185
7.305335861863139
6.693723090373711
6.8300832315700255
5.808635853456042
8.33796642002336
7.383620381313508
5.540918320395042
9.308651066271262
8.55471045599306
7.2772862734104855
9.014969411159914
6.187628273854567
6.398402764332449
6.395532325512167
7.306629125511417
5.775275346721548
5.849724442455656
5.493445467525033
6.482558886888675
7.939095281417218
7.5009609246936995
6.061781951343396
8.276590721617865
6.836698432101266
9.407138405029801
7.043493711129028
5.568228412947781
9.556540391014112
5.589447736141066
9.896396216401538
5.331625950549856
8.585225373562217
7.336372630156475
9.536312592651086
8.05056063918575
6.145961544387706
6.124695059577935
7.254594410168028
8.84979402850423
7.715449990577505
7.065560604032683
7.919743430926529
5.754353493909074
6.445433305144068
8.270043255397493
7.644927195604532
9.555645057132335
9.790327309409964
9.424157127188744
9.631501408199018
7.736942138474931
9.373802046807919
7.1650198258082884
5.083224155743881
6.790680090727001
5.014875359609292
5.557882656563363
7.926664528847018
8.046115499502168
8.878027036165932
7.08799510596287
6.570381690452123
6.81829478858238
5.9120371911658625
8.101786174269531
8.088768177987514
8.287908360072201
7.098696756470488
7.558596306567472
5.026022605620837
6.026489394098009
7.545235260174415
9.287205920638595
7.4815376373576825
5.492549637388901
7.1232537080044915
5.680661527300336
8.260058532157895
5.141626608731941
7.182148710359487
9.90841099854071
6.648288177786935
7.016849802672956
7.8464570678323415
9.276513963382415
6.814186107253864
6.8165174574181355
6.544245437545468
9.324704415914791
9.916025644453606
5.47130579833271
9.707616632502186
6.6133385579274355
9.755349359143846
5.206117421358153
6.03659875661798
7.92376852459655
5.211277340503185
7.910208308085026
6.324126345190367
9.772441881208586
8.753197625967134
7.394113568101693
6.60252238345169
9.722033981171236
9.044685640934649
9.773029250780418
8.290831687869941
9.962176334628811
7.0235717852205735
7.7836838744918
6.0975526945345315
9.027855385860963
8.87139462661953
5.315373347777628
6.66476069285743
9.325310615372004
5.970049726282867
7.815710180194475
8.327310300382766
6.343271260653273
6.284261984095743
7.5177732364967245
9.904749091776434
5.0416265336936625
8.605582091619269
9.627726749699455
9.143772689444614
9.930133571590467
5.746926125724718
6.71061045262687
9.285492746306488
7.77652497564508
5.0862489583735675
8.516883682590624
5.244488674735256
5.716384940714113
9.823761111129947
8.403442684940412
9.055556872927378
7.776420916925123
6.9391704603606765
5.320208453824433
7.569265841107416
9.468266629168749
8.113749808793248
7.057019960465567
8.858874647233758
8.161708902296265
7.816600718315122
6.0754463511838015
7.438862284193863
6.404237932903731
8.34530679839268
8.786268711106146
7.189265482341281
6.218081615720839
9.858236998074565
7.575759850643337
9.830214397719566
9.676387800050177
9.339082160563546
7.232527832323804
5.897504188601604
9.736980608721275
5.99377633302717
8.681569894734595
9.432731143403092
5.395120913286712
6.795777468401931
8.09331512617769
7.020473656080431
6.705962370913852
9.767748811040041
8.50281937541756
6.380186820915325
8.122898860006522
9.1160055371741
9.04790745702607
9.451930516129508
7.899759890553921
5.518660917037541
8.814939812143205
9.802742734862132
7.012817031724574
6.709224315228683
8.067015284611852
9.224415790207345
8.172821063649858
7.994478541228627
9.321803501017152
8.593630111535223
9.017800445987792
9.498777254885898
9.344832257880443
8.421842403718305
8.504105924875955
6.736482187335271
5.628941194426751
5.0350244761333345
6.846197381340632
8.58007080707106
7.341741391068696
8.992289747632581
7.094923127518957
6.813524326097212
6.040307698800279
8.177643507921793
5.589553757838519
9.238919553074417
5.6759601817939895
8.980537053897994
9.070586937883279
8.738721316646394
9.541875710630894
5.118598919308778
8.19834890454802
8.787093007218676
8.852403547726045
9.94986692224611
5.586676996781847
6.650610772348937
8.585339570628928
9.57203389201857
6.231473523110756
8.922090692261492
6.067048990480246
5.612670205610095
9.390680586168589
5.090804521280884
6.535210187457681
8.377078441732358
8.555232388707989
8.568182166270386
7.5750816339692495
7.939383032963232
5.13980013782727
5.960171055420725
5.89258232662859
7.837651301397532
6.9176516661802685
9.405738044003805
5.361103508598719
8.265288033612295
9.025705982942979
8.48557542080367
9.658855776781255
8.038642668979953
8.573872302304943
7.54588761120161
6.099686926465285
7.1647102809844
8.507016669689076
6.279210628985187
9.452690359578378
9.533006670630394
7.388412687494266
6.057531496257402
5.644552928928379
8.112139535653764
9.20028695941459
6.822549920416161
5.243478865891423
8.044296059647388
6.090077763833023
9.303741235132783
5.534656402600477
6.199810385981204
7.230285940323572
9.95695206017918
7.81461531405674
