5.124799757475559
4.013814715295267
3.9858568018627927
3.108009002150203
4.556554741381024
5.71282243286006
5.719176819665339
5.147029317916216
3.6291269063194016
5.123012326709971
4.500894291213566
4.983519276896339
3.037128641080639
3.6131209679101004
4.965597320655799
5.131546448209532
3.8095058888019526
5.286903459716729
3.8865553948560145
3.708964683678901
4.910960119197191
4.835691855939502
5.8071612053490504
5.291362702112731
3.577687352506113
5.345295165917867
3.990962398113635
5.811341632744624
3.455152832826887
5.5270579539959375
4.755563566516217
5.466592543977456
5.1866734396967455
3.353638082891879
3.383600778214591
4.532861053125173
5.526386923019801
4.184557244369596
3.275679944983898
3.004253798705719
5.318740380249147
3.164816588521417
4.825591044882903
4.103459115572428
4.798934670571245
5.9718670581782165
3.6572963549471824
3.9183205671924175
3.6248169767374128
4.8719612416193625
3.3661187717325314
3.72882100749695
5.850518335372989
5.526409763246348
3.7532325430475666
3.9898991312607546
4.6956866908715
5.061503748910889
3.7329945872883084
5.430640278913898
5.451473624918306
3.5828609591368323
3.6268291305900235
4.319248962900851
4.1954815880894785
5.575692072099724
5.435310183587629
5.6258293754377
3.162691696067051
5.486976837525777
4.901765916885654
3.591363960251864
4.63793818152549
3.2337843579052272
5.746160047375913
3.0814026926874427
3.097806123347643
4.423959284636823
5.3571800782948715
3.066836077292009
5.035882903168722
5.711141845446502
5.483399524154598
5.631749668042345
5.45509412437049
3.9355801746493233
4.061053917692841
4.059717266888887
5.40441681875084
5.525436729299339
3.256404323086409
3.7950154070602484
5.174560658649841
3.0502796682529953
3.0848402656327467
5.41409998937528
4.848266606371907
3.8291974944362894
3.5968034364728423
3.1753110022102113
3.8256753684114955
3.100461239313014
4.59229433111182
3.2411348214566673
5.71377356862018
5.457907172384448
5.141152422102164
4.28746870920043
5.5812295099189635
3.0511986088964855
5.845480915329034
4.928204680008121
4.03598590260583
3.432874315349321
4.783516556040565
5.191062611183522
4.8827814506368705
4.9145761994877795
4.420925316952755
4.181971386697906
4.261325826300535
4.868097300891715
3.465932406039617
4.070413653960138
4.15316197113302
3.5738799948266746
5.678878190842398
5.617017999550303
3.9762986109953933
3.980336824171074
3.0247167594380215
3.6472969182975206
4.6615050934655295
5.091858875926506
4.278660028885094
5.151801095114803
3.1227129799523685
3.651619581978579
5.2605907926290625
5.063070183847323
4.396274758534996
4.327273400662746
5.283058110242859
4.223635630142045
5.929882135884179
4.74338892199487
4.1505895708117935
3.6169426715088915
4.551756359854191
3.43395334173614
4.144740419930146
4.584427527558515
5.544271755544563
3.11152174365595
4.8697250109664925
5.497103353998391
5.9834810347765535
3.5665801829909993
4.617659271258543
3.188875743922508
5.087067723287322
5.021432646919158
5.040370392566254
4.391425449042925
4.738051325755157
4.867414957570237
4.386409749466692
4.436861384592062
3.6201285933209784
3.4124796904789916
3.3773362253458834
4.614469189520814
5.512838832135384
5.558189348971838
4.956514840354271
4.7817414291104
5.250793563212384
5.210895803012114
5.646606236642801
4.13749782348764
3.651019402864365
3.711379522066959
4.098603516078103
4.4662682018678055
5.35601359332229
5.640459545899679
4.605700106233194
4.6582289458598645
4.0274182564079695
3.0250808659146493
4.889452725507808
5.897851681158842
4.656276089647742
4.230127952253512
4.343635861151532
5.597037776175107
4.930630153575341
3.675702199011989
4.142859628354304
3.924883345353979
3.6197898534317074
4.967847994266681
4.188455824053592
5.656331794541215
4.796886927585408
5.072699280294123
4.773315281238881
4.025841890307093
5.427400647959631
3.7997655666659695
5.100289020160532
3.3298159504459237
3.4011377727467704
3.0895645150434494
4.385446748215522
3.172897139982731
5.478704585092177
3.4240521220160507
3.2179152550969214
3.49836650798413
5.860814305512813
4.0952945095136135
3.1321971079288935
3.8817331624274067
3.1698302258462463
3.0785657520397325
4.976803642000415
4.999232198282157
5.557745508710795
3.8605502102097224
5.634712185115251
3.709307993403002
3.423356381506727
4.771567290288335
5.966589560870169
4.805282299847429
3.833695086796779
3.162732689790165
4.506901966160863
5.211269228920119
3.2008340285376606
3.1547086252073377
5.445962910488034
4.201019684323548
5.064987467972893
3.6641898743250096
5.777647381619706
5.120744103434102
3.978383607859197
4.987513731876112
3.1829346086613675
3.092077531957784
4.471691248277844
3.387775031251604
4.2536180386698375
3.260222890258452
4.915833372494734
4.892568784452469
4.038449961741065
5.33491917732189
4.766830835989637
5.863974778904523
3.6156733820001805
3.448254486827513
4.199869674175004
3.850642595208271
5.4613171928175905
4.723458306927678
5.50109241669297
3.773825626469402
5.791812739447185
3.4126719857324948
3.7916672445399127
4.634954867224563
3.8124222454931607
3.0193207499670427
5.7084953326263985
3.661838377310307
5.899644652161129
4.472068904653749
4.559468014591968
3.1338101315194087
5.186196133525452
4.16246436111158
4.208495466048292
3.0431478175465236
5.801345021089162
3.4972424381513174
3.5265769378240406
4.260818856638691
3.1473040384418085
4.548875710854602
3.669991981007023
5.9791080435579635
3.064070438790683
5.414325171846481
5.715245603300079
4.901920852218833
3.550526247567155
3.012065141275001
4.292702932920217
4.945550053082882
5.868797929653974
5.261321063162806
3.816908326667128
4.098433192159148
3.361798040951455
3.89507533387759
3.7113814058222876
4.5679238385841066
5.160557415375659
3.559767002499483
5.669245104007723
5.415339052962096
5.148378388671921
5.349724075671452
5.478339616385502
4.5475391563063585
4.083028553454938
5.513237226769869
4.27053376957811
4.194037077725332
5.656115572824168
4.749800326399298
3.2297490906468194
3.853127813197937
4.490468198508974
3.2944094926405456
4.81176615212329
4.138770082782519
5.641778917674726
5.85493095757087
4.3911882044959345
5.001943843040636
4.079937861734303
4.432412807150523
4.956992440910102
3.435951547735662
4.878425196774481
4.111837720698918
5.027901490918188
4.004620725923714
4.436801076555711
5.062173708246765
5.352364942637693
5.355609190163678
4.001768311909634
5.229704013312036
5.195244381783029
3.298005755146749
4.0364580713836045
5.547481302697575
5.094349396624956
4.034163164229652
5.615521252273956
3.916367356808906
4.89477871849424
4.7401878968182185
4.995286890111467
4.739489611091362
3.637572399379292
4.887759726741727
4.823678548759342
3.4120605149401855
5.491489130464488
