4.727816894114434
4.801978678908171
4.640618359643277
4.98743061744233
3.02035235793356
2.7246481798139195
2.538242961252205
3.2758391012742063
3.5876585805394785
4.836529063105104
2.680767895123697
2.59185686347472
4.091696669724053
4.931155582212726
2.9404888673615175
3.391268573397643
3.7157141001718568
4.326138318792963
3.92250650509809
3.835599270127462
4.369612201997267
3.3863563291540615
3.7401656522787587
3.0557439959676214
3.7319784360318238
2.758512166467015
3.573730121271721
4.239608949168598
4.28230190035857
3.444324362636241
3.1963299690079787
3.000383165475351
2.713707284857191
3.455352529214495
4.052096444783596
4.824345126172042
3.8064838588295875
4.986299813448888
4.075402971490387
2.56751907490789
4.48575219013191
4.815608274838296
3.2472611080551124
3.4690304988963123
4.882802860450953
4.492262727082107
4.395172400543957
4.975670980229544
3.7689583859245737
3.2959384067803574
4.956117850561936
4.826967214868533
3.2332496400431037
3.4639778772658616
4.838868812653842
3.3329594047568936
4.430766149559112
3.7631544716066787
3.1414336672045073
4.587929521145506
2.637229398235582
4.146775893562623
4.802207119836591
3.5024800773481544
3.2071561351770432
3.4784072464955247
4.789269189460674
4.503648328973054
2.847919056278936
4.1223367210604955
4.661283575033109
3.048153076239492
2.890079169563882
4.097883301024305
4.265575164863593
2.717403429665784
2.955554985640646
4.469740917986655
4.9742193526269
3.614562081316755
4.5995114479603725
4.199777483898631
2.6973556116380855
4.563738809319426
2.6292907205256046
4.317054492638633
3.9544409144218866
4.7192999880287925
4.384275667110476
2.972306090728694
4.0287881973888995
4.629317376097892
4.294266368696148
2.73071250605651
2.678488068532486
2.5613361023804866
2.52076826958228
3.8225277506984288
2.527692362794711
3.9909299330343053
4.925529508128921
4.514967532989044
3.116240079158291
3.07392070455039
4.503734398321512
4.790736061800976
4.642736540138754
4.671673946403649
4.265448595704873
4.618668784996765
4.696450902334092
4.075542852496896
3.348230009042179
3.2801907330891313
3.7367737396576217
3.981318935636587
4.396259476407093
3.9716365912612237
3.245483700736644
4.497456300401703
3.4469127580404977
3.236952660598181
4.346697542717863
4.531872600595326
3.7243855908143755
2.697898692869231
4.262135284230511
4.2912900179874125
4.351801653203726
3.5395878513710897
3.2452079796928857
3.844364121025624
4.058172413485888
4.778054070596086
3.1164416536892263
4.245258613966401
3.4746466201387536
4.483506646698279
2.704879052152992
3.0878604390128617
2.5856767759041834
3.8580290296966555
2.885354605595412
3.062487789926831
4.825047654542419
4.869703959939393
4.489917321361728
2.616730450513737
3.6841519232215925
3.0264920626657186
3.6631801838005895
4.6799713758852235
4.030465886204822
2.8326650987676585
3.7260030432945888
2.5971733079469783
3.617868679080484
4.508192753643524
2.809670332932207
4.43167498067917
3.007265052301169
4.167203725394577
4.923604222122295
2.63902626282881
4.305913288355639
3.345490332731859
3.7236567330628123
3.284301746721888
3.2769258357485995
2.5389977353349025
3.0551540751727395
4.973867561257883
2.966602815003435
4.765337572304951
3.85511971612437
4.999236341252829
2.5465726652441316
4.0885874289748
3.2114827469751197
3.8454302123908644
2.57015872074542
3.053985614954061
3.2935804427452444
4.199182468715073
4.79795377500602
4.5636034887631425
2.9878937467739037
4.403342347604384
3.6562787008335738
2.8866754437765416
3.3957089978489643
3.9430096824911605
4.754015555071419
2.7389882980985214
4.875275853983872
2.516209077788396
3.698248501585475
4.684581267998525
3.040038055181973
4.537324873760321
3.21721137549975
4.509977984346767
4.056640798335847
2.5450527771860045
3.3202328459876296
3.696272298326546
3.2216724035501345
3.4382844205997465
2.898685449673372
2.6676099327808993
2.6344780738572204
3.243125937540301
4.2993876577164825
3.1259573468269415
3.824886052467316
4.222162244707691
4.982472981752689
2.9915212353538014
4.439316504258204
2.5731134278310024
4.909432989272135
4.755778930619295
4.536496558070006
3.228190001014911
4.793856399792797
2.9198046278613363
2.6948841982646923
2.857739178804664
3.7873280436368786
3.6344217798440575
4.987907672328404
3.102183995636443
3.0660190127110383
4.680686317698457
3.440256270324773
3.3047927305973843
4.129688458838064
4.029302000782222
4.838710831851159
3.09447567210312
4.924136395526774
2.8957923861511987
3.234382989684619
2.57259209689055
3.150586555648735
4.4646017014549395
2.6397359373883718
4.09066031720417
4.3310456303433895
4.789768633088379
2.7933861872653223
4.666897694719828
4.85737563050165
2.7924158334951383
2.938442815773282
4.478680248960328
4.863634439753836
4.266020156840426
3.83601730976801
4.585293253210859
4.826178230165619
2.8692756292106374
4.214542381170485
3.5807576037200595
3.314089129420363
4.233335555755612
4.537665714123319
3.250049623828306
3.7836794343804216
2.5353152199927673
3.358740135343337
2.503692966271899
3.235143283377505
4.6931621373533465
4.618309045717087
4.395486865244625
4.92686573492503
3.2183463924099884
3.0324910424348475
2.8860445315571166
3.673467004252191
4.722297040191297
4.214795727745103
4.2008500597539085
3.037350183412844
4.610108012261151
3.871657207255389
4.645704693801495
3.9603379155184215
4.610760486727892
3.8128502689152435
2.5847148117571686
4.071924079638956
3.486954346496284
4.12195864054376
4.456388360494978
3.5537339228713667
2.539616500705379
3.139192404051759
3.201937717606371
4.535976338434467
3.8722493161937552
4.919107962774919
4.8065497939057025
4.050989268487989
3.3085066554091886
2.539159824871007
4.809168148489035
3.0714208254793176
3.862731487921681
2.551519683883534
4.119242482448135
3.616153446850669
4.747662689242949
3.490226390926625
4.789935722944604
4.815772408873159
2.566115514194364
4.668484146792142
4.036438825965377
4.691194161998358
3.0741633873368697
3.0268052240908565
3.755330276355687
4.7140122590596105
3.7221960410709967
3.021697833820781
3.0963241558718315
3.985185478130111
4.077201770519783
4.97672807365583
3.2612896167015055
4.089883162529882
3.2047192906932143
3.453039322929503
4.157081632072391
4.360620313142309
2.6421274129525636
4.034790970094419
4.308510029897933
2.9082551770101355
3.226287945653249
4.4664826114970655
3.545682928759843
3.8609895259850733
3.7480305444261326
4.323757908467036
4.915996258248235
3.285202784714039
4.193565381179595
3.8470381190420415
3.035201008862783
2.7487672130804484
3.6986325909836877
4.718211517806272
3.1842656731850347
2.927433703726843
3.285044443623543
3.4146115405941817
3.879159843366371
2.5479431422098195
3.4712496794852066
3.8316429976328292
2.8892227511547004
2.8077101229469354
