3.6293774499639824	10.049312735368023	25.446900494077322	-1.3517735259282164	28.618715575365893	0.09409308792710197
7.9384623862076795	4.104357671431519	25.446900494077322	-1.350626142857619	32.9278320409063	-0.03550209298670265
7.6034276116026565	5.744013412625743	25.446900494077322	-1.2088401118570795	32.59669406128193	0.4129660249276551
1.2853413786731576	6.509319228015507	25.446900494077322	-1.563679522929372	26.268857837105603	-1.1686657994964122
6.631535295052771	3.6214172142612426	25.446900494077322	-1.2948489035499844	31.622437765829478	-0.2638596888169363
5.5461762271670025	5.46472353543981	25.446900494077322	-1.4261595389140929	30.533470445919036	-0.17448223747988487
2.137116595845743	5.981595040836561	25.446900494077322	-1.3279853325740678	27.12710842069593	-0.7521250056117508
6.505593858833206	4.78947446101075	25.446900494077322	0.3083969129817625	31.540635703422257	1.2326671417599875
8.246279850528508	4.670078632242943	25.446900494077322	0.41862647713929085	33.28436218292451	1.4719338546230927
2.947774597066817	5.612442582997976	25.446900494077322	0.059439069348832106	27.975952095869133	0.6445488321502466
3.794286537898204	4.800233310403733	25.446900494077322	0.4482747305099581	28.833186791028634	1.020968202544738
6.143078743630224	4.435237329455193	25.446900494077322	0.29595185818827513	31.17777735975809	1.1115313749365632
2.7444284445387694	5.219523255473507	25.446900494077322	0.41185591172523167	27.782324001560163	0.886772949238795
6.536819175539958	3.5405882486225644	25.446900494077322	4.814695310898788	31.69676427280536	4.551936393152609
8.068984100748857	5.751507168225309	25.446900494077322	4.825595032169132	33.22923282180798	5.0504323115788585
3.288743857713917	6.065749398563765	25.446900494077322	4.8562077706870985	28.449845369664192	4.996028305654583
4.275939386722218	5.791359669775929	25.446900494077322	4.780718857694916	29.434938079319693	4.92753210535866
2.156347267320548	5.698180875057334	25.446900494077322	4.742729051933581	27.31428784873661	4.8181579241508965
5.809104953760602	5.309826344776313	25.446900494077322	4.868869345287457	30.970559200989342	4.951579039791271
3.542929228038698	5.411169012631432	25.446900494077322	4.945612292429206	28.706521647300896	5.003070821594804
3.0648316598012144	5.339729903736759	25.446900494077322	4.8836465323314195	28.226697593073023	4.933167690503851
6.758076178704608	5.159341524444954	25.446900494077322	6.483853198127368	31.96460303759414	6.203819975759435
2.0015195205455987	5.561727052337335	25.446900494077322	6.580485059968684	27.210748400368104	6.505549082134325
5.632991405497809	5.889114486106996	25.446900494077322	6.221765534134673	30.832192682017773	6.160990729245023
5.113621588940728	5.543924844494596	25.446900494077322	6.541669606592653	30.321765041121438	6.373404693623442
5.874208851999366	5.627911472394443	25.446900494077322	6.3698993204490515	31.07755007578754	6.229650440647096
5.2094356759333245	5.45152361190629	25.446900494077322	6.615610309052005	30.419646871826128	6.41625773945966
3.9977912127853514	5.475107554519485	25.446900494077322	6.6224112670082995	29.208192613764176	6.4653772197176655
4.069491142648787	5.329465981155004	25.446900494077322	6.55592909189495	29.278033333387317	6.385457233040617
5.9450719950402755	5.411822063489	25.446900494077322	8.733040615151404	31.214641187954374	8.100488625141157
6.846717843611308	6.238562195214136	25.446900494077322	8.642771060981522	32.11375080338299	8.130188776781822
5.943429620955943	6.10698029297927	25.446900494077322	8.85885912833635	31.21653468786987	8.334918904128873
5.856091854025789	6.293944341951669	25.446900494077322	8.977322139082853	31.132526988029138	8.472573299867333
5.766916519722349	6.31157556083249	25.446900494077322	8.895687747910326	31.041056767477833	8.415602312285325
2.6106867647837104	6.147180154377555	25.446900494077322	8.925559111484946	27.88566670073792	8.665444219891484
5.6533342706549	6.2620504760123605	25.446900494077322	8.496846601584753	30.916268381416963	8.088192834941323
3.23309607531651	6.17010871228769	25.446900494077322	11.684643836608837	28.58587558669349	11.06094344256049
5.642841882339656	7.42819190295284	25.446900494077322	12.176085424156666	31.0095291486849	11.312105442845848
4.112000852209836	7.639947816612011	25.446900494077322	11.395987070810868	29.456618508947617	10.871662236665095
5.774311609885318	7.292327636171082	25.446900494077322	11.626715874596494	31.125452769571357	10.822611641569623
4.932745651092756	7.7779603581397545	25.446900494077322	11.82879409480496	30.28960302163715	11.169104613778705
7.82169344922	8.680338632616131	25.446900494077322	11.383146495571607	33.16594815701181	10.745729634877708
3.6028519950576072	6.736836923431734	25.446900494077322	11.814804524120966	28.95931355788764	11.183050402449181
5.901419692474557	7.856930639207279	25.446900494077322	11.642363154437374	31.253003376587852	10.927570220115829
7.974189028508087	8.178283837109065	25.446900494077322	15.28743008629312	33.42928242161709	13.591621145277847
4.7740900897772605	8.710434544762615	25.446900494077322	15.151642439647881	30.225312338314396	14.13425322517197
7.437235984944975	9.889732399776285	25.446900494077322	14.759109566218248	32.877274205954286	13.657597717648612
5.916685713529822	9.295995292527865	25.446900494077322	15.242220338826911	31.370490099658415	14.120722247177591
5.175877901080296	10.140250759638203	25.446900494077322	15.07315963726886	30.624863234998056	14.239453577853931
3.9975910835299446	9.216766801367408	25.446900494077322	15.226404007130496	29.45094454989962	14.410672203747973
7.20571259215494	10.545139215551972	25.446900494077322	15.101356279084227	32.65550154070372	14.095988450745613
5.776853984510567	9.973365749741385	25.446900494077322	13.497434669386687	31.18101110105467	12.844536291134476
3.4072332651501798	9.873056694106243	25.446900494077322	13.370826999760853	28.807795340069003	12.957129276676005
5.319153616783464	9.868415166680474	25.446900494077322	13.7073301402707	30.729272985683455	13.04282439437134
3.325879173904389	10.086930559575329	25.446900494077322	13.665858570482598	28.734820287136124	13.251619608225775
7.400964782465058	10.60585165342216	25.446900494077322	13.580311604015918	32.80747575174635	12.909309863200018
1.458649144659038	9.96133697769276	25.446900494077322	13.49588883317445	26.862762360841547	13.30396251630888
2.639255023418709	10.40635209482335	25.446900494077322	13.79014958230019	28.051727716305834	13.471784003988105
7.874084777814242	11.023534936722447	25.446900494077322	14.937216691586839	33.31919639999842	14.012324579507315
5.879036257086985	11.55020731374025	25.446900494077322	14.753570355252057	31.318916725497335	14.152250468273708
5.452490955797171	11.205812114491204	25.446900494077322	14.839066789232056	30.89480651687657	14.197849365089565
5.38358175550762	11.521337873597785	25.446900494077322	14.889441043697047	30.827332284488	14.30124682014635
4.351615876006414	11.7923105872892	25.446900494077322	14.761413377385464	29.791719708416387	14.327722574526986
5.885177697924779	11.717121887908409	25.446900494077322	14.709195588836712	31.323794476679634	14.14703874579012
7.326827228016988	12.16224807816277	25.446900494077322	15.034392405387317	32.7747077644628	14.392320921158225
7.036419508562007	12.350841233589147	25.446900494077322	9.465459399300668	32.32658574027036	10.093510786835418
5.322280325629769	10.308888806421026	25.446900494077322	9.429256922191685	30.61142768458198	9.58219482235988
8.086159622315007	10.159090041395576	25.446900494077322	9.285907448378	33.37127339830902	9.497487442413371
7.0745649151555945	10.110268474178946	25.446900494077322	9.388916576962961	32.36257704300899	9.546606454896446
1.5313377364197347	10.479042741827941	25.446900494077322	9.416433371768091	26.82012421251562	9.477104747282695
7.625832773903007	10.13421190070138	25.446900494077322	9.424043377483503	32.91483341102099	9.58857790001084
5.539358965924011	10.521443631669824	25.446900494077322	9.371758043113923	30.826888260653014	9.578347859092508
6.4832783211584415	10.399726617422733	25.446900494077322	9.273327755368433	31.768038189804603	9.503205259282977
3.3042656687319543	10.640975429327515	25.446900494077322	7.140889555826529	28.529176012160924	7.54627152635709
6.203816713483903	9.659057142139199	25.446900494077322	6.668155573649481	31.41549753819223	7.258787796374083
4.9828791909779575	9.920489319272322	25.446900494077322	7.015762369235584	30.204286483749332	7.494962680178148
5.118351237407956	9.972818361649095	25.446900494077322	6.977690346173663	30.33869286193015	7.482989544592345
6.675276059794794	9.643125574587218	25.446900494077322	7.0853480488754	31.898631347563143	7.620602082116849
5.31572350885208	9.629329819318606	25.446900494077322	6.860519262782514	30.532785980258147	7.3425660493565665
7.040479673489434	9.482369476880688	25.446900494077322	3.4992036597391074	32.16383403010845	4.808884504356999
6.878154124916893	8.543010704040778	25.446900494077322	3.7443316497398844	32.008318709538315	4.7755027784395105
5.157504823375483	7.958813765624452	25.446900494077322	3.5535052906566436	30.282367487822967	4.303790079890498
4.32808180197474	8.75840359498575	25.446900494077322	3.786190567802612	29.459409694179964	4.5166921271310265
4.636768080956124	7.958424037659161	25.446900494077322	3.4937534323513613	29.759971059477216	4.189373804874597
7.3073594119431995	7.692324718279208	25.446900494077322	3.705665577001278	32.4364495175169	4.603789497206981
5.788811369933736	7.742556847828006	25.446900494077322	3.883822447005802	30.92285298320499	4.606184176861909
3.047929222483556	7.8808827072078795	25.446900494077322	3.5752199853583395	28.17339509527245	4.041026651104684
