1.6319944815454663
1.2930777174627612
1.2440667278844408
1.3549754868834858
1.205312854927629
1.2717872699278776
1.2407647358282805
1.002595563411982
1.0830617202472201
1.7707350811842693
1.3461528705280135
1.8529322592838975
1.7524798664626196
1.8637681392275192
1.6144332694437038
1.6471037356055507
1.5912547949509284
1.6998796026525154
1.4403923351224235
1.7813488731322842
1.6687349874749373
1.1712787482137095
1.9034200467468114
1.556024633242742
1.2613954739761237
1.0668401265646688
1.6471481416730402
1.8486576199209486
1.4726021905232876
1.1812994766512204
1.823912158745268
1.5432334500353482
1.226602614960833
1.738258995694363
1.3412511219243952
1.888728522110691
1.6928041124106121
1.529009938780525
1.7619149363691036
1.456958105460462
1.8887829487464118
1.3693763042834683
1.729359136306247
1.5231360176700868
1.8091008654568448
1.8332277456336732
1.7174629232157375
1.5021106595936764
1.9318882071096397
1.7340060996816866
1.2362151711770655
1.5390629028887588
1.366285624544108
1.4945547588162291
1.3643705283900345
1.4755216216354587
1.221219448879206
1.370735415642125
1.6255856086236964
1.1898727502862902
1.999618094065948
1.4757621475718052
1.7763032158391734
1.7461082758200692
1.952060131877759
1.6898780861140246
1.031659983427714
1.8753819662843367
1.3599773537929911
1.8339453299777329
1.6199511371140098
1.0620083346609215
1.6609188597324545
1.9357138206094415
1.3266934300502524
1.9088628693763483
1.1770150834784856
1.023980378309309
1.8660856169218751
1.5167101773322027
1.9626635298091002
1.6485445346885446
1.5006729256295634
1.3278089534624689
1.9485906503149466
1.242812790607213
1.3192805921175836
1.2562110278441407
1.1268274834873
1.5210985507507755
1.9787888447674815
1.9554937170840243
1.9947689398560837
1.3341100892762536
1.5170795327068842
1.759234017887344
1.8563696830549044
1.7938143497521502
1.052492857593237
1.1703538357949679
1.8646627721430988
1.0228094616744248
1.7993896772882274
1.7725357572245042
1.8821692929217615
1.583534831762656
1.8499236272761512
1.0902288779685645
1.3344005005274662
1.4990916352995198
1.5988843350245012
1.2333354012083744
1.236536793739206
1.7901437063793815
1.521481204365204
1.1284876260209498
1.4845005157199949
1.621312247235778
1.2531949226578285
1.760896599885733
1.3190222306426886
1.4756746728860988
1.5663318274467504
1.1290732480533183
1.5949336548896411
1.2574220196770947
1.889673727077669
1.5492933778708886
1.1178020685528978
1.8604254284074648
1.475624042399536
1.5374980673478036
1.846154985022125
1.5344070905962393
1.1835086447227912
1.7433916423728206
1.1999260008108357
1.3306068659253256
1.1181974772092562
1.3148192508468022
1.0643857964490469
1.015280245132485
1.0399713949668545
1.6300769364258396
1.3337048711578132
1.102059545108772
1.5445656316566503
1.5516267302949285
1.99942773769356
1.07315506731935
1.5015801160414448
1.2267602986206338
1.8565208765218921
1.4345681107498305
1.1349537059169836
1.9890745728652346
1.8732895401131007
1.9819336534167276
1.4309578853497935
1.0991930251995188
1.1513414490403173
1.5413051010064887
1.267173036001171
1.9039871149488716
1.1879082187817405
1.4931393402249744
1.7701681919343148
1.4906218530860504
1.8452179847794692
1.5879354907972048
1.930113040867102
1.065070912017057
1.0302457047321585
1.9184258198021347
1.4273087539395748
1.0943156726372048
1.5930505940644604
1.4259131145253714
1.9586321448232933
1.7172641311589112
1.3630421989533426
1.987293602223554
1.091144962153572
1.0514951545778288
1.5599005326182305
1.954500134663951
1.8156289674836232
1.8012541262796393
1.0395075608918793
1.9995454660259584
1.5245639401375846
1.0066963552020907
1.9651307582653508
1.2560410133031366
1.0970747680581059
1.8651949119695928
1.5302317983355311
1.0420116493589924
1.137630829853019
1.302599729005108
1.3016567343364058
1.899022153191255
1.1857887938663438
1.3756554995460994
1.600596284351352
1.2890767195095276
1.89102835290015
1.6463556724341333
1.0935882374525434
1.0534481736334496
1.7297372516377019
1.3848305728600256
1.4269664552326402
1.6565383671822382
1.830660779440035
1.829437983218993
1.3055435010645113
1.3130668073422243
1.87063774519994
1.7610444077643048
1.889947704533954
1.3283305996435695
1.8042038764551351
1.3330562546630214
1.7669168994606135
1.3689726534474833
1.3986499875273188
1.4395796618480117
1.0329853314566235
1.9256416238160825
1.1603817886059873
1.9011587830692918
1.224381697332998
1.9291219962775712
1.2589341837150778
1.400862087344833
1.9245902437628095
1.3379578354478376
1.4817523488336561
1.4130568884740957
1.885908771593489
1.5282892678456563
1.0858584590954246
1.3330324212904778
1.4124709754573295
1.485565859472718
1.6517817272618278
1.6377022119613014
1.569582592109788
1.1229968123099912
1.6906362820270964
1.1859367740587845
1.5078542111536204
1.5330427314829882
1.8069901092633653
1.7016479642353592
1.8204961876171293
1.6159489475749114
1.6781754641898963
1.073566651141772
1.388274079339827
1.3232666124648345
1.97494926654171
1.3527256142207766
1.6090054596042205
1.7045016544755616
1.6189197624220635
1.231980018710365
1.2571122276474571
1.0514784694448942
1.4489135034756888
1.351468066871631
1.4736250919691887
1.6976992761433964
1.451464456315632
1.9897345627222027
1.548169597989688
1.4489263840416056
1.1998651406013334
1.5723108040577904
1.2218464937501774
1.1964092301699023
1.0417270448169167
1.9578642987935144
1.2135510057009213
1.9956236666274656
1.8767558386653438
1.6466019334032729
1.5521595309879903
1.7810862651772004
1.0744543913438023
1.8964310551305052
1.0831442005039043
1.9317518271484044
1.1957247612110193
1.229452678548066
1.2105590512695532
1.101697130302519
1.7028475649751083
1.9646817771209795
1.5339742452151046
1.0872400124400385
1.7690754751777473
1.2224595090285784
1.54481749507359
1.0143374276237864
1.6320855284097595
1.3118431311781606
1.9577147410030482
1.7990519461858627
1.6747918424168065
1.5343289217073932
1.5698049848974855
1.6590713819228737
1.5625292033731093
1.2155844905478852
1.7646369437265659
1.4357113704095208
1.3173752337382505
1.2114364891800227
1.9071378882634973
1.6235261189998014
1.1683867065402653
1.2251806763629995
1.9122781958595207
1.2985979187158876
1.3807834674032449
1.020351082781194
1.212437334990253
1.5867714998588345
1.037621376060741
1.0164056558654306
1.1971107930347822
1.9195439135336314
1.924253103322039
1.8143558707172096
1.953478893443971
1.088016997671644
1.248883784085634
1.9151883922658226
1.7974927246151702
1.0242638536612094
1.9217863740404661
1.2659968350341402
1.6525143199111907
1.314656575431495
1.5112488487421685
1.2970622269751462
1.8061810645974252
1.6811476953165716
1.7960839218391498
1.797690840082064
1.9560474351736565
1.0541929766978304
1.0425393154626121
1.3194389290735256
1.7406900632045483
1.4049489479344714
1.7477044293132122
1.7924234895456315
1.1453443271714008
1.2045727896765677
1.6120171532460805
1.6937387480472084
1.2697743429435282
