2.2816509218651766
3.6670638860935445
2.621226662174343
2.7364790641232317
3.5022953371943832
2.5408861233628337
3.3148049849772554
3.525228895784773
2.637738415166582
2.039650913699328
3.689090511013642
3.8846154012130416
2.3949734961471107
2.5196948270074393
3.325749250070821
3.5857424303623175
2.981895775682313
2.1584753115690356
2.480257970080613
3.7109560738778615
3.641227076560516
3.2400049746262014
2.1393289346222395
2.065416671399658
3.865000459954032
3.1304427378843185
3.3465704840701753
2.4380381354519365
3.1724771484922347
2.801813442608241
2.2896091443817177
2.156679305121446
3.070697759766725
2.07627946538428
3.6594761625586516
3.2281765996464338
2.615697748331338
2.640342512762394
2.873139817790771
3.7620082198158267
3.8537449860692554
3.3178056562606533
3.892643052080005
2.347086127783283
3.3457853960429143
3.0922797659909613
3.57938393355481
2.58437199667406
2.9646105830266243
3.934470688730624
3.7896549845757437
2.073719032121635
3.203090517928216
3.6164374603043665
2.747634597558372
3.811543164046735
3.343140569525587
2.384464413411897
3.6246032302799356
2.1766310854904285
3.0089223899110906
2.6141433565020917
2.7082339615129483
2.464595161437677
2.864104869368125
3.385715580119027
2.063385827095075
2.2771884900857176
2.511839886913673
2.2946752081649837
2.165906433989024
2.980897103701682
3.0174360764860366
2.7520907171591724
2.633527874124874
3.9199281214950332
3.897541262657469
2.5310519521679185
3.8830188978036895
3.10191758979042
3.9059730375971964
2.3801055978159806
3.310334214384895
3.670383238516837
3.495164679208687
2.151493607741661
2.42057932153184
3.6361510206638568
2.443521709229796
2.0814620098556054
2.2271881817872856
3.06068826495348
2.812812770208588
2.611862920292903
3.1947885056702554
2.167478028339401
3.136046356988523
3.4567220223482296
3.0178082844553664
3.703273582248174
2.5351131657239803
3.4944007580113268
2.6069547120948293
3.279273570103113
3.3288024811053907
3.505432644453038
3.7982749199412433
2.3929640881559977
3.615627487798219
3.7780679100424637
3.5045859769448873
2.3645737236110365
3.3022251321956064
2.1680130704599923
2.2966406037276124
3.5177935928077075
2.096921519498243
3.325805890301666
2.731471226481708
2.592615660776997
2.099384299284435
2.494717405736362
2.137935657575315
2.5988472576355997
2.7911095035728457
3.534029395707956
2.0245633867297554
3.1020611209191835
2.467820557188284
2.6369843824179497
3.7923816172025813
3.2794451021945132
3.453683693994604
2.5896622480526768
2.0154765601220714
2.991217652445599
2.7985725361066653
3.3564880919812135
2.194625378741144
2.58397872474258
3.583443368198234
3.2800302729444306
3.5944101619351025
2.1755691654459275
2.4452098475431034
3.2472009157106845
3.5418062242458555
3.7667139933939073
2.481334542497054
3.8009227662312806
3.394312000327445
2.682928723365376
3.305682999609324
2.3657817563258727
2.2782685966913894
2.5708716450915334
3.7010132871881574
2.5081354947022203
2.6530935801979787
2.456525533360571
3.0498033099820234
3.4656021524912304
3.774732526314076
3.2182993240732443
3.523945344141777
2.0578078649455467
3.211709227247669
2.236339421140921
3.875165422450152
2.5297222767874272
2.7097347873487054
2.950046460636769
3.591854436745952
2.8808663428987717
2.905912223053561
2.5889946604885683
3.174324213426801
2.7981296968907237
3.6611531638555146
2.4381549854351445
2.329331468362495
2.436886549351444
3.1095000839810267
2.6565258770162186
2.9960396480379403
2.9845537648060714
2.9156258904082186
3.8889788000272185
2.289417565409511
3.192687395435408
3.686861578696355
2.6943287308209816
3.6834010443365477
2.8781668747729636
3.003679331791737
3.158343449193307
3.0549730420171666
2.7709687892941783
3.112638213152193
2.968607233326177
3.5716440668358023
2.025486885201159
3.9683762953060024
2.6988596309967066
3.828645331778925
2.2143057713264764
2.0163122115637915
2.0836311480273
3.1284723549447144
3.687791349208856
3.8752969073362538
2.6597023179266506
2.344247635719412
2.809811711881543
2.90953387126019
2.3091150622131886
2.4196966604650316
2.76935758089952
3.5716655206698267
3.95916814162674
3.2323616002220086
2.4197829221617946
3.354000617951506
3.9780323409600125
3.283003906372275
2.9118400960196387
3.2024353458012382
3.6503236192071515
3.4729758038396827
2.763637282408109
2.327700520087187
3.5251757292830628
2.092668504597937
2.4500982620406893
2.4911434680428854
3.400056843842349
3.0679730985112426
3.596458999704723
2.0473323206254705
2.2367780819648617
3.498018643058922
3.4247867989935337
3.2933491953807046
2.401844830222386
3.5662790013390246
2.2294629041417524
2.0047147448889246
3.2815047187236694
2.018469849848943
2.3470213402497553
3.430467683636359
2.5425493461757958
3.5744835864037725
3.337689650614239
2.4749977388727675
3.0931304968107187
2.8779387832565253
3.910431754182791
3.3118117242706617
2.1435533018228603
2.8857498476330985
2.5002448177632197
3.2544878304366915
3.6752140225722414
3.961448780663957
3.3459155849149904
3.3526537904014146
3.0965507659958433
3.3598204159551424
3.4183952382910237
3.8859002379445813
2.8980812894019237
3.276740830247568
3.614404372688101
2.6961213455796624
2.7143025620756744
3.1869353037306074
3.2568331679704734
2.1288503956200215
2.358431670259328
2.8037018561615517
2.132954765028463
2.246737779118438
2.1166703043654254
3.66847375178769
3.0534228792777487
3.933396983740152
2.871877866726498
2.114422580416557
2.2294780137094627
3.523420691018137
3.4722413337895444
2.147131749367142
2.6427404359802087
2.674449401156691
2.1687337858595903
3.646698163437444
3.0214189044151625
3.3397514996080138
2.915856609376476
3.2194483619066268
2.0387205193531774
3.9048520960922266
3.8633613805635942
2.0137832308603474
3.913697743909967
2.8193274690991523
2.462354967987962
2.8634932118320062
3.7217218670197036
2.384957619816977
3.267389471072681
2.2332149355882733
2.411227733118144
3.7540097725405563
2.736845361717806
2.6145275916336073
2.7753240327967252
2.6465023688749056
2.1171178482407593
2.2575153348398267
2.4413197117902916
3.8128788065829817
2.8418197701676573
3.421451554395115
2.3181685782624135
2.8485955393598634
2.785417560259861
3.689586373582421
2.8812872588116756
2.609710880181636
2.181419827534083
3.316849997494952
2.176156152730579
2.183635616538529
3.0484414881736583
3.0656098269681884
2.4865642530388232
3.1367872254214966
3.563169057051772
3.5334494587989957
3.240313049184092
2.590965787588157
2.9774565290362456
2.5882644202803196
3.9146481171378746
3.572849005561494
3.397483395099268
2.199798760273816
2.4556386630508533
2.036081170234441
2.026110568211484
3.693073194263796
2.0401802234623
2.9730098347254663
3.3152725233608527
3.2479858441880247
3.886247351967312
3.1132003477434176
2.8834465133373772
3.330692589290191
2.256476922862069
2.8484393353245117
2.0239447211532915
2.66620307256359
