3.7610713665751505
3.678114024702055
4.006890108557253
3.650885466609354
6.266284457511159
6.79190818393943
4.562621316636947
5.152103983274931
6.360137954577199
3.5856383155810527
6.728077386543403
5.546424312301867
3.501763625356237
3.9962508876461187
5.810740134550684
4.55049848480409
4.421964740253365
3.5144853654870873
6.500432372242891
4.383226870174549
6.008670310013005
5.699085604848433
6.77442904798534
5.668141089863409
3.6876476525329815
5.55827680400939
3.5643915872171505
3.5945536459602487
6.9188819238159285
4.683440783790787
5.532827090474547
6.4633763427944695
6.832839463000416
5.169826058482977
6.796521730924233
4.916845986930665
4.481511298443505
6.430905647561394
3.721015596275953
5.996613488413212
4.676697456136465
6.006647897235336
4.993686033213848
4.691740654873497
6.432422483970498
4.881493210883632
6.063375297025969
6.827113869036729
4.119681899874131
4.665232185540988
6.211744523285634
6.503625633166177
4.079903491610001
3.7492577558752496
3.995658507802719
5.834186058919232
3.6285663473311867
6.731815028547215
4.570899759597532
5.924220867009716
4.112352644036232
3.508903292868619
4.475384258115284
4.9217731345840114
6.462016924417456
6.952382105248697
4.3147945565582475
5.51066840888395
4.0088412600888805
4.543615864836959
4.95516779775344
3.9404169917655585
5.205101794366681
3.6996389137698107
4.285474671826251
3.5786165288297807
4.308409274419979
4.319354586117305
5.368592061069774
5.535583537479256
5.056088888938743
6.789681059377039
4.351322561640967
6.146782332400176
4.86895544972579
5.825835857223493
5.353231845350809
6.50633358970173
3.6838923485587984
5.576101454972684
5.200073353792216
3.8244768237620916
6.62157971717255
6.399445247833901
5.810439013280669
3.6333231604423526
3.8495260554370048
5.124265006217949
5.2840220849075745
6.788576863658811
6.201237808817189
6.918311024085914
6.776498651864744
4.310118234085755
6.35992463860547
4.643489413098861
6.579531023357318
4.371428797905148
6.709567800069073
5.234774136362114
4.954765783042024
5.18680827185411
5.297490189629784
6.729863274755991
6.6979479014200605
3.656167658507375
5.740747947408275
5.0854881929400575
5.6333911017650795
4.4099024553083925
4.843725228119234
6.847437152884561
4.760041966934839
4.850936575244567
6.676243774201642
6.094385587970964
5.088246063207959
5.417493223837636
4.390310263826499
4.350522010352486
3.821070127220693
6.588490743112764
5.629306259699611
4.358741852570731
5.445656372300951
6.123671793332955
4.505986110756013
3.7248289182807035
4.008580166269988
5.672670408380008
5.295078447030431
5.983574371411544
5.854553075940141
6.701179320650943
6.702600130811525
3.600185115060283
5.910061821605712
5.668226603980739
6.337170399299643
4.304609057241222
5.692650523412247
3.546279082791349
5.31867521757226
6.962560016252699
6.122554553278266
4.1054853896733645
4.816562632205653
5.415049438162057
3.90626130062818
4.384832810127722
5.713861558270269
6.368136143363826
6.251321483815093
5.946333057365495
4.043696212568674
5.486382789452309
3.958356468657973
5.8535670678818486
5.84263074079228
3.8371587231748885
5.019698784908201
6.833008790912809
4.609609841173691
6.248457343804295
6.734481528810206
5.265512486179258
5.150570407210546
6.9802988995439
3.5272300231805493
6.016187527643437
3.7269829475150322
5.369065036673576
6.13113685080519
3.6436012821164914
4.111640320792314
6.7852654679261395
5.568194714739314
4.73383771159861
4.386943993530826
4.348264748210477
6.426231499894234
6.981407002940368
4.099748059168251
6.366397299185882
6.297641096320601
6.187339230114701
4.2125035093785375
3.9176790716822727
4.406221542681824
5.5650112073383555
4.1630043996720865
6.3549736092980185
5.407030891243974
6.136344953413454
4.764471494198812
6.810000609213259
6.099539781923332
6.5649809208079875
6.144017075193065
3.982974736975371
4.8466075047675465
6.008870196524741
5.930718038091884
6.638941119048943
5.340928763739615
6.98244177954485
5.464583633380417
4.288027832830811
4.50659521472045
4.298095523689518
6.904637308618527
5.50485784996687
6.266284555138728
4.908230754696418
5.2681409264267645
4.242273039012298
6.644340266737492
6.892365683473051
4.633673024167624
5.816291970288649
4.712621492433174
4.4291133825971425
4.988331759378722
5.982882823209367
5.71950193543644
6.8598713576094426
5.993766090218858
6.692653609654935
5.372767130702839
5.39004956792071
6.287048351342314
4.196970548883386
4.174403510913717
4.084494727393521
4.320583493143325
4.688286845220141
5.429397144131926
5.096491898162945
6.68031101039074
5.588621254819173
4.571653048862397
6.524306706656961
4.803386739659555
6.453149981168358
5.7680188150489125
4.915701992979789
4.545342030444713
6.230779775901331
6.37614230514342
4.739198577404678
5.622400855112199
5.820345544717329
6.743512909926568
5.111067876844796
5.077193847957488
3.9797308061646883
5.043534061917632
6.7091313434701085
3.5855421057562853
4.68573331722874
5.849843455614308
3.6184079022758646
3.6382916194117483
5.004904139849454
5.952346351851272
3.8394901240977397
6.3953642549455765
3.919862026860426
5.017544480177718
4.848244945977841
4.319247860476605
5.361740939482763
3.5917442010097065
5.925024343537088
6.552082803633054
6.927453203917997
4.638593265145163
6.97303546265228
6.404311122048222
6.410354262991892
6.792146730125075
3.7188616904822767
5.773536589223076
5.844672367130771
4.293279408229559
3.5333379421101268
4.309805222709964
4.7577187936252905
6.160760715415122
5.628076897739355
4.687945548708075
5.23942080731622
6.528679306655184
4.571904233126234
5.438920755790556
6.7761237534700465
4.7591481021868605
5.4323026416779685
6.430325096738186
6.05488339370286
6.913344969002152
6.379679967228012
4.771216973804513
6.625624260991637
6.434938315357293
4.796864494743314
6.648415384389587
6.411566395807399
6.9678170450951376
4.312696469248193
6.3801932389812315
4.083224170886115
4.094794435922675
5.226926012415065
6.2989857588948
6.758059617373089
6.945570776958051
4.013839393181515
4.447291119173916
6.356525384724375
4.080741803905561
3.984128007579372
3.9903729843986513
4.23575688369391
6.314005300528343
4.748478969845086
5.2156839895483404
4.434579304458935
4.686969633004277
4.8622048638739646
6.002112862275031
3.997770344847375
5.660084557843076
6.437945387523423
4.202215580695762
6.403671732960731
5.2292140596383305
6.5930650664909916
5.487525543328109
6.097271596804563
4.620240007246579
5.349833793491863
5.360846147786327
4.530779274116875
3.9538323957758097
6.029817703036978
5.740112058173584
4.4354953772381585
5.309143618574541
3.7791239537924604
5.265965127231748
5.792428279611858
6.948678062493442
5.12823044027924
5.779623159061017
