0.522832487056498
0.5101872612230078
0.8552991521834297
0.734315127755928
0.9827793643845103
0.9846526012407106
0.6913611927124269
0.9396914496974806
0.9455846067872995
0.9797675614309425
0.7439487968448656
0.9844199601931763
0.9429059305786754
0.8174994077706619
0.980498243707619
0.7840481395225773
0.6669275941507459
0.6338677169389815
0.9457526768419983
0.7095514426878808
0.9501719154226713
0.6701949648339993
0.7883649055457445
0.5774385746284441
0.7398369965356869
0.977176531769852
0.9511625254275647
0.8002423818876386
0.999781782561156
0.7985088882111074
0.8842217300977644
0.8218012701263803
0.579235791263016
0.7763034390856532
0.8161652126099543
0.7200368256566823
0.9588936589144564
0.8866260412438567
0.8109945090918936
0.758859102383097
0.9222610576776183
0.6702413018641044
0.5452864309845353
0.7103818182887489
0.602951011806131
0.871003480014068
0.9637278350228131
0.948805562391663
0.5270864220369618
0.5323243396339138
0.7097324221530075
0.6381276937489317
0.70404674308163
0.930761611732045
0.9822781340361493
0.79726368601078
0.5185036446103017
0.9450096824653896
0.740122590672785
0.6282151464389786
0.6420229262083429
0.5684380358663219
0.9601993511437104
0.7355958167478218
0.9134662750929197
0.7738104685418246
0.958266504404216
0.7491272780023194
0.6340092745115866
0.8299320644339064
0.5967743600915447
0.8846423679369475
0.9847986041883348
0.9517087704409285
0.5374380164389316
0.6436845243871568
0.8031033802723054
0.8374679141449983
0.544145270785728
0.6569675909761133
0.7462730907826494
0.710376214297783
0.7056000372794573
0.6227608777507415
0.9318959842043943
0.9344049840539802
0.8264957140485227
0.8776906133318386
0.9672592615959691
0.6195308004960094
0.6310326477498912
0.8644992031150377
0.8715443373891597
0.8657230325967284
0.8332382840604009
0.6289797678767137
0.750147262735058
0.9207576484975912
0.5548180962089468
0.9866041612144483
0.7020967885249512
0.5430106453142973
0.5131601959088309
0.648288395312118
0.8287492388461031
0.7671220477981723
0.8596354823038741
0.8842903884341914
0.864771680921229
0.5677849785063773
0.5214803982039626
0.7354102306481025
0.870881600082461
0.6049029250484642
0.8893184249673903
0.8514646315445168
0.61189373679858
0.8119708422890346
0.6967710640716615
0.7484324660859389
0.6933312780804535
0.5587747442501355
0.9586288074687878
0.627719309315414
0.7451910654780095
0.9793674212245204
0.8696967973415747
0.893664683231675
0.922409247224923
0.8067659724185542
0.6176996886050867
0.6387162806733914
0.7381558761634803
0.6969306587447498
0.6305245964499697
0.6396217022827164
0.7582942037813581
0.5563223585887588
0.860600569700947
0.8225383659907841
0.963171987197534
0.8096994172717284
0.8073576521047037
0.7101385709180966
0.6263697387809423
0.8578030616994792
0.5924779947445037
0.5595872372563928
0.8691123764067465
0.6781935445646511
0.532046132990779
0.7366956585780656
0.6237580238952105
0.6167377336705541
0.7947248893946731
0.8486054025318512
0.5801098048122053
0.9021120401533387
0.8957281920260308
0.7750321980729529
0.7942531524715696
0.7911727347695928
0.9526313777685154
0.99640066947452
0.5112036614642105
0.5191593406290305
0.8209541015762452
0.5161261582505471
0.8898572145710083
0.8854345801326523
0.9349706317558152
0.7138511188051154
0.7215661212810356
0.8528279996085817
0.9023468544473806
0.6466188492665917
0.9021223897402901
0.9766387200289687
0.639972491769464
0.6357687042799637
0.8510108083544313
0.8079656097797313
0.5927522284711592
0.9387620547806728
0.7715019724471784
0.6352718942955456
0.8471382199637089
0.9071996143542199
0.610487071502871
0.5379544738114864
0.7368315248418299
0.7749661447761628
0.8079136064604054
0.7261760070694492
0.8393494452038212
0.6037395567994281
0.922262937875349
0.5323318640867137
0.5790499482180478
0.9370270750852046
0.9807177995651304
0.7012617249907018
0.984724422400668
0.878442026955951
0.9304999035407961
0.7986790427648492
0.9980140026604462
0.6151104590964979
0.8613147788287573
0.620280072829181
0.592674695296061
0.8528977432353907
0.7279227982292783
0.9376072248585274
0.844110767110713
0.7165708933983571
0.6265630111276012
0.7609798273770529
0.983615404521658
0.8950633329052723
0.7692875702356533
0.5346686707332076
0.8824024319333356
0.6796845142185409
0.6562222777859194
0.8049791847258301
0.836782143752776
0.5514174219687833
0.5673504670704366
0.9180208597455904
0.9677289229729165
0.6223731675790043
0.8826245460814057
0.7106795762753875
0.5056078143961468
0.5260222345235886
0.8920414802202888
0.9556719686828133
0.7039720393517089
0.7809980135648774
0.6757757723378295
0.5095498701754437
0.6151122773248454
0.7240688554125126
0.8185452017773294
0.6911358302356322
0.9644340506695686
0.819300880570596
0.6720917526990448
0.887109049613683
0.8807580881866516
0.5024842168466219
0.5949924083345285
0.7413244089030621
0.7752838669065781
0.7125715102974585
0.5799710743486632
0.5349355077934758
0.7132254947786834
0.8951780298687271
0.9254653038395406
0.5055059174076236
0.6890240545160944
0.5371186442870775
0.6204084099294909
0.8850310957188565
0.7985597073430797
0.7055076766343559
0.8890195207373961
0.8591568121843413
0.8999316629968581
0.6201233162824252
0.8858511855752751
0.9628680104756527
0.9681435383201856
0.983539336532277
0.8404262730304117
0.6315356047581264
0.9784260683766913
0.6299522415962939
0.5255027982536395
0.7204466452252621
0.7979487800418905
0.5306832280111757
0.7633374402107699
0.7908068467819795
0.7263169320068751
0.8120095858224816
0.7902754873385609
0.8356926376115841
0.5015190443725315
0.6992814477508228
0.6715769756941271
0.8855431808471627
0.7798854810997315
0.7002052201363662
0.5955959616054542
0.5895210589836714
0.8061376339456994
0.8797261027798154
0.779261590073057
0.9164337477825508
0.7127520603968909
0.7591174772992717
0.885267005776516
0.5568960034863416
0.6266332137078415
0.6926862842334622
0.7854539538070741
0.937026999016504
0.5154832508077326
0.5369286795260673
0.7045880262483559
0.9732136982352584
0.9762765767455086
0.5290216603102763
0.7440514963279172
0.807336070608021
0.9538916161641954
0.5342114821327237
0.5159378420859559
0.7623371254078153
0.6792216381855988
0.7049610881090352
0.6146138822640611
0.6491348122239966
0.9329811578646031
0.618644132759911
0.9150226958161474
0.8376105233354896
0.5739437201774428
0.6251241038612618
0.7148323758735886
0.6767726351199275
0.6184917173666369
0.9407328689033018
0.530992708148257
0.912181600966814
0.5221282244931812
0.9709636837904974
0.9203441371364895
0.7023362798514671
0.6929953019939726
0.9306194864914358
0.5186298554632454
0.6799598700395295
0.6624630016244369
0.5572081872672943
0.5825946829472597
0.7389866007189485
0.7484975963684583
0.5810522351865823
0.6758105973414353
0.8535389814851343
0.9737872521414145
0.6238807552820029
0.76045149725422
0.7512985719804066
0.9424976945369892
0.84659819235875
0.8444463000253828
0.6704113660962641
0.8370503287970719
0.9564741727618307
0.9862719714323657
