1.8832721410941675
1.7143078157216252
2.538037560547373
2.7161721687331513
1.6212356402933221
2.0949562966458983
1.6705733248890708
2.712685885867747
2.5707498265540973
1.9408576693143966
1.7250607538597005
1.9944289235350232
2.558874019801233
1.5937459975669197
2.498378999256794
1.87196164506708
2.441461905449069
1.687941496630094
1.873794449228892
2.5741102293850924
2.863399697848087
2.7161263528443595
2.895662364801893
1.858642604131474
2.4910133431518893
2.426570099579806
1.655797769926307
2.2230321351455262
2.9780442192921615
2.678314517368258
1.64231965173113
1.6042702086889302
2.7483670948877377
2.9174497211323316
2.7969843149285305
2.704249394501254
1.9222807088009013
1.7711095237916399
1.7941160925107664
2.8716695155486995
1.8787240375773848
2.886185099954694
1.993207990750343
1.8127310140053803
1.5331775560747385
2.5670011252896248
2.1281026705676767
1.7910602752453202
2.4202838299478717
2.9903218629635693
2.0783823462558493
2.4123723086304434
1.60137458527069
2.797047882808528
2.5231832722574765
1.5713090931586076
2.770120207190385
2.677837945545554
1.9041164431500117
2.666701082856352
1.7044164954740197
1.6846342973902753
2.4223163169518673
1.767180621585278
2.40940611448052
2.411693257954972
2.7648531242108008
2.5316391818959976
1.9151780293781018
2.398215743213509
1.8978352586097105
2.358448184516221
2.23322247248804
2.1100473807794278
2.0774928348987896
1.9536772434309215
2.4381149082374254
2.660160670385877
1.7163722609267253
2.7717230056650344
1.7251849174835756
1.526754042320487
2.399488551205295
2.5918229370584105
2.601075083386116
1.923799924638923
2.17486977842978
1.850861148826104
2.5921231771620095
2.671742164504977
2.744394809188419
2.7566815686289967
1.5054045994319476
2.9057922096505293
2.354163716036565
2.1568078961760806
1.8490470485356743
2.74589276289085
2.5288563555304813
2.635028796508619
1.512083018024314
2.135914410383371
1.8116234694160553
2.8527385581130655
2.7196342164371163
2.4400212079862817
2.3600204464715997
2.743234705748185
2.616621270519902
2.0613880793167185
2.6093326043522445
1.8053552204551981
1.592472839628542
2.3225738540491805
2.7473569398208144
2.92789829801606
1.6404580991639042
2.617848974842494
2.4492942145730963
2.4081994843007126
2.64829503340208
2.415648903938972
2.1978705016974063
2.1070523175537947
1.5415888529055048
2.554070875471814
1.562146627321181
1.5078388678030377
2.6484337845125188
2.4339503038462453
2.5286902014668016
2.320297579044016
2.022159902914848
2.172552559603852
2.8708724120684197
2.6887886276206636
2.7497395577117953
2.0362845252962756
2.606019441891581
1.5312256112395655
2.9857648392819436
2.523076801493291
1.8259855756151664
2.048025875808533
2.5861891558039076
2.314209702529569
2.594431784809323
2.0004902537325155
1.772175464370251
2.4613512082160773
1.683682055919138
1.9649575375691049
2.73242270878467
2.617445734683163
2.1754964351964
2.9228861378183124
2.972243114731319
2.859840616262414
1.873436561326302
2.247699975578907
1.539442095317728
2.1906556292638344
2.069718135541452
1.8967943870851673
1.5007028688425406
2.1328995724303534
1.9765310575390327
2.411530369720202
2.707706117042986
2.9712069310302445
2.070775363772811
1.669354962525369
1.9796178079768292
2.1133149491997623
2.711999256570544
2.7203694101935687
2.337855434670955
2.7725226522331203
2.6760416872464408
2.4757240171200596
2.860194237162659
1.692367744525993
2.2014706852115022
2.497153869197301
2.574303506505864
2.9526315057300807
2.7723743485779
2.6657768060065283
1.585705581160991
2.510523777231583
2.6594000842416903
2.08395929832812
1.831926072689756
2.542526070887981
2.71115465642811
2.1866149157856287
2.4732573860612193
1.8608619144280878
2.530164713809528
1.7077318452975072
1.9710849675997104
2.1839390104390457
2.981564447016247
2.364237476184577
1.8671275241657794
2.342350432490774
1.96851592343465
2.8824883009045807
2.66121964188073
2.6011461507428866
2.5660828802704336
1.8027350245004647
1.9914180896067417
2.175079399234919
1.934867714793246
1.8538441707972693
1.5482411893444885
2.2064061673663793
2.9371882051933076
2.094366770099244
1.8047504858366104
2.4645599135097287
1.5519074077690964
2.466729333722812
2.7159638881683663
1.8136462435017124
1.5292485907150704
2.90887895709473
2.0347407549555534
2.0771982574966774
1.7440130341028057
2.71214969126606
1.806806663713865
2.31000266454893
2.3945869732607576
2.4054250613065107
1.944987599966294
2.1640556004879206
2.5559611572371095
2.58385534307739
2.0420017734523683
2.5098260330329634
1.6277029183437126
2.785446782494741
1.7623086337257106
2.245001275903939
2.922409806020705
1.750773934732547
1.756542186269492
1.7907608457671405
1.5166380381109563
1.679874440829915
2.5669585536566584
1.6403703560077623
1.5346414166866824
2.426068844233618
2.4391040215880917
1.9865081078794884
2.7554672431714113
2.9390077614282593
1.8235638260400124
2.4122340340879656
2.326049267499212
1.6886812007454308
2.6421773422481496
1.885880535624016
2.4269010928580834
2.7684343930374085
2.6055087896698135
2.8523920968804135
2.972851954032581
2.888216135458783
2.0026404484136946
2.062760181158581
1.8389843572011013
2.0293477519253362
2.440506201794852
2.42919779631619
2.1815210621315875
2.6390307196298775
2.4880114395568116
2.136567371835151
1.6748735774446553
2.8966215035295737
1.580088346848945
1.9803233565590956
1.9094057483270583
1.7843856399910067
1.8586114877090456
2.937850555040176
2.7896792263977543
2.443001501784632
1.8707517718714302
2.813576399343126
2.0400382559925294
2.0865172134903593
1.7108747773978712
2.428606175824177
2.8633563097090287
2.092773918020219
2.279490260377539
2.7528758327724105
1.9096056975171503
1.773491117278445
1.8420385533554142
1.6019385173596943
1.993628186066305
2.763269071771301
2.0014509451483145
2.5414975946274327
2.4560719482416338
1.948696309720055
2.551448592770294
2.4606682850146973
2.187927495839975
2.3875600865480817
2.9524475942797372
1.8896986426031177
1.6374335481955116
1.7438386594293658
2.3687138225665154
1.5494993015617602
2.5883387191258573
2.3867165720856356
2.3240651998256294
2.328829072157835
1.6405953684564771
2.4712937900125365
1.573944627345184
2.3903536105032535
1.6385270163910706
1.5349714614687828
2.2540907564654575
2.9090416819961935
1.7773486901978184
2.4066783706680566
2.7503096227301596
1.545482786685658
2.7766375634795315
2.536161625609719
2.5400041248383483
2.1527083053458282
2.3389374420688327
1.7074993193509742
2.9841442439352095
2.4079666936816806
2.6131493450018937
1.5048003450452403
2.6982637142375343
2.05065246919493
1.5556962311761742
2.8487404429492296
2.702847008353255
1.6942070661554738
2.427668783882398
2.9201427793464054
2.547121188505602
2.763307286143505
2.6832451496265106
2.831245001426854
2.51579640337922
1.9880273839323617
1.6936462434901574
2.4966014225974353
2.8656995610210547
