6.662232480370187
7.233481726464662
5.152008538149019
7.215565830838626
7.003918034046928
5.890735395376164
7.434784244856316
7.449920946142229
4.119783766577768
5.305443151773944
4.0863578578095625
7.857505822270906
4.096662913040348
5.092229688110659
7.964014739562981
4.147731729292765
6.581865129558776
7.653893058552454
6.711748424228881
6.601125139007508
6.423878195793861
4.3993998272900905
5.467698932730314
5.139352327040686
5.03922292491082
6.163163323873693
5.989454947301563
4.007477085871904
6.378143605558779
5.519572933178594
6.626543841286296
6.209685581210217
5.8813448256957015
4.237527838270637
4.401461435519383
5.2029949448499755
5.964519220369413
5.295505791625859
6.917625083490117
5.341744828641074
4.33693857756545
7.678480261358428
5.894664088467574
7.1789493165356655
5.854916537023824
5.603781604648515
5.838496904520363
6.968870378014005
4.630476408674142
5.873778270322039
4.685668499791412
7.578454744267074
6.760096261900003
5.729034214656491
4.218460128956452
4.503556499741262
7.307927320431203
6.876381888017401
6.629309319900444
7.799149832588447
6.072418019994279
7.292129996776145
5.820112836659364
4.471016403911818
5.184805535023368
6.951407964004765
7.854014179782926
4.239676174359424
5.732467203371077
6.810427808757635
6.434309840057544
4.5756065718048635
6.369657266156354
4.169228216448837
4.36713930994208
6.518081490239894
4.272683613969
7.968245225964985
6.671655163297528
7.028239167658988
7.81611218159476
6.622834457925256
7.333400443966056
6.490271043174266
6.991116823929124
6.6756543119593825
5.6536527071955325
5.462904432652417
7.85662434655565
6.847596148091418
7.729524354580663
6.8966330892313765
5.20843439850664
6.99373282759292
5.806640134914563
4.770430536084086
7.171028062860022
7.021536101633098
7.078246042208227
7.464963679121397
4.561305878173737
7.004395082797654
7.96163068546613
6.177603858594595
4.643032260409335
4.524248659979844
7.964777162300198
7.297814425978728
7.285289618649242
6.702928214777929
4.963188784426181
6.899775930719262
7.557780465216721
4.432584605479795
7.038869400164716
7.372389507406581
6.4403459219047035
6.991358454418693
6.990463503313195
4.6950819685656
4.593598868071827
6.531230225968481
6.20559945244033
5.981116828674408
7.032103080045235
5.850772389757373
4.793504902553051
6.648395501372728
7.06106029292925
7.416302185817858
6.7079983702627715
4.941017230878087
5.9819987518358975
6.770718384378476
6.047989276431906
6.513143794326468
4.842486291076333
7.2700862670512105
7.804653174973536
5.399998459093371
7.8994253203298195
7.513813099973848
5.03147708326413
7.939110885968797
4.485014921751677
7.885043365144909
4.745403084184651
5.068197178286072
6.609000399671318
6.293677804090597
6.824329281153308
7.9143506785988915
5.900356802898
5.515207584451815
5.748256947746158
5.702494977149074
7.386090483879107
7.444330544797872
4.238406687038411
7.749336901004406
7.1243666946975175
7.133102798099576
4.6806556619422315
4.672333733792248
5.853710872636161
5.659157085155134
6.676678019798479
7.931474766106093
7.589553616805921
7.670300669554578
7.1482068171135325
5.434954197292789
4.493928138356596
4.877588467352479
5.12686023182895
4.178097924203502
5.363655927468171
6.81974733516988
4.694013022450523
6.74818363586917
4.726888627183995
4.897607562963852
6.492218339583764
7.016078216613919
4.80740603436219
4.977981923721795
4.811723070504038
7.448897180546676
5.510600271470565
5.792210571835035
7.46264692698489
4.216169863439019
4.104608959981821
6.905373039369824
5.475426669902063
4.6252783574498
4.414589775879993
5.207949938767808
7.1291613070538
6.410217080367479
5.117660921521289
6.682497695346851
7.889521610795818
4.011002960752303
6.120563348733109
4.623680657010891
6.544920992503656
5.2193462218062665
5.021631790444609
4.540787573116695
6.161675641244843
6.42947241507135
4.303192623506715
5.6476379774398815
4.4359114340888555
6.22127043196982
6.170037710911507
7.145568703631385
5.602009594483027
7.116219646848247
7.8441547765696855
6.430969267297171
7.2644096576829424
4.0848301065917765
5.645427503824725
7.909617418867309
6.351625833414663
5.747615759269393
7.332547055555252
5.275846606862543
4.848356778649244
4.199894643493315
6.947909254879519
4.915360100784078
6.04360736018951
6.003998742130654
6.804805320499989
7.5162842984369735
7.739765349056425
4.130750811230728
5.274740176938462
7.023839933513152
4.199613445345365
4.49535209396625
6.677248600287811
4.749785909056993
7.565283562629005
5.221102200777325
6.844107516019182
7.748576099757453
4.065194442158042
5.877656554798626
4.8243756902507595
4.497947226694035
6.532043378915335
5.678805208671555
7.716222518334529
7.47244083258091
4.58695408447773
5.988041396318944
7.75603877369715
5.374138916891091
7.301916618121015
7.46846613579576
6.564854393207771
5.585679405941285
4.234680980017326
5.826858885087179
4.846618722312037
5.836394067498182
7.437304419160199
6.340024552194195
6.852429209929939
5.123196448587269
7.371576584092704
4.214807829119621
7.569328309898094
7.603625898575108
7.621584350791333
7.321448644583029
4.861817087103191
5.479236466091559
4.875703749966366
5.953231432778227
4.688765967843946
7.813301063541571
7.857341939296635
5.003665849216912
5.0379351755370685
7.777580644338682
5.715781114236463
7.315712866934501
5.364847628090237
6.998692090108401
6.845508637595308
4.945855857671693
5.092289018381141
6.4753868059603
5.184447711445887
5.6990956270663435
7.12123999723621
4.963835877186125
4.748534966203126
7.5292288809753485
6.323578776281902
5.778797156036537
4.492123732004506
5.262052443888454
6.631420661789869
5.634321557886035
6.540720135672613
4.587416319251354
5.607495166223982
4.448437827533079
5.424592175227119
7.379328269453898
4.2754908119949535
4.962033810344954
4.1488256888335675
4.141597139539069
6.508829515680927
5.572937008559798
4.767425165812953
7.739780924513542
6.420864196098394
4.96197582055852
4.586097750723638
7.5684855592346
7.969023197968126
4.888584589037064
6.200382367778354
6.916347373861379
6.37995821170084
5.959298157768143
4.282821550226739
4.529305245165348
6.0222817444928305
4.223260466483354
4.364903952866279
6.236057665731696
5.99801253419325
6.124656812912141
6.816534649053065
7.987874910485987
4.9933786017706066
5.642754627324249
4.807825140211698
5.7782224754181675
4.824158625922365
6.376026779895448
6.245023316938825
4.645929804153296
7.630272756019556
6.8776047129249624
4.50443577756554
6.328920819133851
4.818867135413525
7.7250958010953115
7.24522717739728
5.123805465283758
6.6246660276666915
7.608577345792683
6.664010848367973
6.119909884770952
7.550896828316847
