5.905145029919784
6.222260585251268
8.88597049975456
8.589463931524508
8.563276579387672
4.59349515234841
4.978027062556797
4.783968591492234
8.496477445164896
5.599611980727966
7.371831787817058
7.477722948587455
7.018129776059433
5.046364614195645
5.138744229210097
6.082782120015495
4.946140835992243
8.673291791250977
5.661409897248102
6.697596387617847
5.723631963952273
5.507673088564574
7.891594531217036
7.9531391991713285
6.318971904687852
7.173002335579876
5.903148660540519
5.881159495048372
8.585774031472207
5.499714896442054
4.947330630366646
8.571478720473278
4.929978952085757
7.01880911456728
4.923287510534589
8.219729714694429
7.500772656065179
7.980040854394837
7.835177722013171
4.579527301969009
4.694849048238051
6.925528990658172
7.919242065330807
4.823786383990955
7.539394356178906
4.566894460903945
8.189065431834198
7.388752054559264
6.998188016988776
6.759467475436174
6.165344817519119
5.521273560007964
6.427331723535807
6.240629711523729
5.027662162575351
6.474957672242327
7.292379941173932
6.501021906948465
6.850085387902041
8.604056080401087
8.847020696588372
6.6871285474239235
5.45985637358158
8.985290345328854
4.764959811171174
7.2916657730347545
6.2889926891263785
5.657289966014805
8.711290516957472
5.074230616570438
5.372324427449766
7.104917032504937
6.0373876887262155
4.6688296175622135
5.882297591408316
6.231474994142315
8.684236030662342
4.677194085985387
7.280823984348911
4.755643235263438
4.98311790819669
5.717193819319382
4.811518074413448
5.241955641631514
7.849703666743708
8.394200605299979
7.651855785817563
6.823737076699273
7.377849664307871
8.489910688402427
8.094107301495175
6.105633924130789
6.552782196776051
6.317921710902775
8.626333169937928
5.739224150666763
8.21985417376575
4.678268886243809
8.740305106511661
6.749662591915258
6.56468724976177
5.654161041220933
6.701899980401473
5.85391854793303
6.183265918387117
4.633317245313002
7.381332841411769
5.251880848856259
8.346432239349314
5.903588776993768
6.555538502419
5.690456458751274
5.79222957708825
8.467963926442794
7.863073516497438
6.497761334371451
8.311674659241522
7.847584446589085
5.813106691006177
7.759597017155107
8.528793332064435
5.593066555574022
4.924377058618423
7.863632788718952
4.614128917345493
6.504202018002442
5.6974461122559115
5.268057855556072
8.712440204930651
5.166026420574638
8.204130790089293
6.060943151687033
7.609936821473231
4.845274352637655
4.611701409124035
8.664147900354228
6.614144960285441
6.555406523624649
8.446237974795006
5.401330104119458
7.270386600297092
5.190672272437335
4.83949078636463
5.0934667360637835
7.39285092585311
4.550086506492838
8.896641408756448
8.867263902910903
8.44536863311522
8.32073344909134
5.168570289369406
5.961932737112775
7.067254933493256
8.166469010164013
7.51153627625436
5.9980292618674715
7.502962232925655
6.472878240712911
7.369629184802108
5.928408359770965
8.360791992144431
8.032257567919485
5.720910936339528
8.725808577242915
5.495540833075186
7.013424588994204
7.086861255516116
6.274186093491248
6.882709875120033
8.450315381648457
8.116556131812073
7.421637977738926
5.627788592052958
7.700622540673904
8.321948181432672
4.721602350256912
6.233123910345244
7.3711266190378515
5.558685603109192
8.535995208348794
6.927017200931713
7.57991995871091
7.318099837494396
7.899043241980234
4.744944677974556
6.6273717830648495
7.320304005901251
5.843790324918651
7.141175151792706
8.177476913632356
5.275788853837892
6.774610087063533
5.70056556239339
5.4091346973456895
4.51346880659824
8.428521267268845
6.514938218109571
5.782943699288236
6.956821523761255
5.005707802681334
4.986204878425356
7.583255739579982
4.666581328134883
6.665362199484082
5.219274042451834
8.237518849619049
8.358386342262046
6.776823543332357
5.7717896118809
7.08534860214851
8.446851135467826
6.08794908802706
6.334869347790046
7.268302439670218
4.763719053246593
6.822760832107814
7.42927423139552
6.737993114765383
7.647073459380857
8.14862795131799
5.914811658209588
5.034959017176465
6.601025670725503
8.45959402320318
7.027283150238171
5.473623624790185
8.180858353228423
7.006932766005651
6.776915703069248
5.6797084989626105
6.667305514867603
6.570610104182254
7.8649682722054
7.065625295012326
6.455455442362669
5.106057096390779
8.301085455363799
5.296658123061196
5.398711999211645
8.619501860682107
8.132973303448631
5.59615597049463
6.116312666576286
6.422085564234912
6.632101870293277
5.861492326754307
8.49409381713035
5.888079833025524
6.91439268434624
7.5142077736034825
5.782510435241278
5.895752127416543
4.81322746478794
7.787536029351048
6.82335773209133
6.260766778230443
7.3636192931352165
7.2624260527355755
6.517211379890006
8.181487741916659
6.501017770464042
8.899206554505637
8.177290534788224
7.003141653375769
7.025968250148167
5.576198700204488
7.902267015885166
6.4735268678147255
8.5367318252142
7.238870449473208
7.040484951690606
7.606798573523645
6.885969838156929
7.6835334312694705
7.711120883252185
6.293835062226348
8.774729564063263
6.248120171612716
4.694006304401442
6.3977855287086856
8.85722071168721
7.2592383457244
7.799150160048774
4.751625342900247
6.193249857741844
8.489486359366941
8.579442934857775
6.730889106681051
8.55168555771405
8.111920558885672
7.455585240114088
7.909227938415618
7.437956951574981
7.6996029416318565
8.480980939680169
5.717031544458768
4.79133717733379
6.207319255302392
7.086148229216211
8.014080575981039
5.573648848247152
8.089836619244489
4.707141918545711
7.056043825904112
7.950028510553283
8.756488603953468
5.720551501743982
5.481601750931802
5.944515286458238
6.43540198463908
7.078826064304171
6.172082709276024
7.8384862837002425
6.222346631209919
8.463995807922851
8.638716077253571
8.668338035742536
8.61897224505349
5.655301970745246
4.97395521943419
6.970315483984061
7.723103758066987
7.1368102471671975
8.362796253117141
6.915023823047968
4.919806610444709
5.2547805273750985
6.687617926127919
5.671907011744118
8.436090059530205
6.471372409181192
6.875785357707737
7.244859210157508
4.964404307770091
5.451217939070479
5.333115574950851
6.624138627611032
6.2304931309930245
7.360451866413271
5.578267898811379
7.406879775283849
4.879706010847042
6.85398409630455
8.043225308335149
8.548759574439304
5.882525079323038
8.276115718082398
6.433253547233896
7.622743316525311
7.814855296129083
8.602040167796812
8.046071426871144
4.877350194505569
8.851532307908514
6.1033378904408755
6.034440245255101
6.506497370428526
8.622536312877596
8.129264997767784
7.258977163019313
8.865744913899452
5.720565633630863
5.7574520297054725
7.618720092477258
5.895632838332575
