Date	Air temperature	Underground temperature	Fuel temperature (start of day)	Fuel volume (start of day)	Amount of sales	Supplier name	Driver name	Refill volume	Refill temperature	Fuel temperature (end of day)	Fuel volume (end of day)
2000-1-1	-4.013650562906587	9.350814859987402	9.350814859987402	15.393804002589984	0.7526890798521388	 	 	0.0	-4.013650562906587	9.350814859987402	14.641114922737843	
2000-1-2	-1.523247336619308	9.304731437861237	9.344052892143292	14.641114922737843	0.9051620899165178	 	 	0.0	-1.523247336619308	9.344052892143292	13.735952832821326	
2000-1-3	-7.286353107627711	9.257961470522037	9.330568593807993	13.735952832821322	0.8331909108689998	 	 	0.0	-7.286353107627711	9.330568593807993	12.902761921952324	
2000-1-4	-7.678708228935939	9.210518741293853	9.310521260228855	12.902761921952324	0.9607126630233668	 	 	0.0	-7.678708228935939	9.310521260228855	11.942049258928959	
2000-1-5	-6.302377131796358	9.162417231766746	9.283746303270492	11.942049258928959	0.8970081256251924	 	 	0.0	-6.302377131796358	9.283746303270492	11.045041133303766	
2000-1-6	-3.981594535183636	9.113671117676358	9.250430105957703	11.045041133303766	0.5335889488775071	 	 	0.0	-3.981594535183636	9.250430105957703	10.51145218442626	
2000-1-7	-8.051098628337977	9.064294764726249	9.212061348754405	10.51145218442626	0.9689235496678079	 	 	0.0	-8.051098628337977	9.212061348754405	9.228369369399472	
2000-1-8	-6.152288553387904	9.014302724354273	9.167018514382402	9.228369369399472	0.5351999740806734	 	 	0.0	-6.152288553387904	9.167018514382402	8.627345571258417	
2000-1-9	-1.9241445550765395	8.963709729444188	9.117488045978199	8.627345571258417	0.944290228973917	 	 	0.0	-1.9241445550765395	9.117488045978199	7.617231518224116	
2000-1-10	-4.300830378418205	8.912530689983813	9.060937616401993	7.617231518224116	0.9823689693771339	 	 	0.0	-4.300830378418205	9.060937616401993	6.5690387247866004	
2000-1-11	-7.044966006446265	8.860780688670982	8.996903556483932	6.5690387247866004	0.6615037815897086	 	 	0.0	-7.044966006446265	8.996903556483932	5.841711119136509	
2000-1-12	-3.226954720860963	8.808474976468617	8.929120991555159	5.841711119136509	0.7365508538958582	 	 	0.0	-3.226954720860963	8.929120991555159	5.039336441180267	
2000-1-13	-1.2899288445856782	8.755628968110182	8.856779956873908	5.039336441180267	0.6873601230860874	 	 	0.0	-1.2899288445856782	8.856779956873908	4.286152494033797	
2000-1-14	-4.279804681294557	8.702258237556899	8.781032940673043	4.286152494033797	0.9883406180876979	Pristine Petroleum	Josh	11.309733552923255	-4.279804681294557	-1.3284440182896484	14.616874508178674	
2000-1-15	-3.4710877803061617	8.648378513408035	0.12074711367627255	14.616874508178674	0.8035040295080734	 	 	0.0	-3.4710877803061617	0.12074711367627255	13.747546654610218	
2000-1-16	-1.9952793848369448	8.594005674265599	1.4332778718773715	13.747546654610218	0.5157058864482097	 	 	0.0	-1.9952793848369448	1.4332778718773715	13.166016944101626	
2000-1-17	-5.061655426166455	8.539155744054854	2.585469443758198	13.166016944101626	0.8368281971448964	 	 	0.0	-5.061655426166455	2.585469443758198	12.26336492289635	
2000-1-18	-4.736928343412013	8.483844887301991	3.615425107910358	12.26336492289635	0.6470083208195266	 	 	0.0	-4.736928343412013	3.615425107910358	11.550532778016443	
2000-1-19	-2.076383553111014	8.428089404370374	4.510128014775621	11.550532778016443	0.6945184339679636	 	 	0.0	-2.076383553111014	4.510128014775621	10.790190519988096	
2000-1-20	-4.475909795589263	8.371905726656731	5.280924584967092	10.790190519988096	0.8388888208987805	 	 	0.0	-4.475909795589263	5.280924584967092	9.885477875028933	
2000-1-21	-2.3036185398405475	8.315310411748769	5.944391038806815	9.885477875028933	0.934240909197743	 	 	0.0	-2.3036185398405475	5.944391038806815	8.571253876411827	
2000-1-22	-5.126924949594261	8.258320138545558	6.509776876018838	8.571253876411827	0.5806373377080222	 	 	0.0	-5.126924949594261	6.509776876018838	7.924792714643424	
2000-1-23	-2.7406703838648547	8.200951702342193	6.95698749737463	7.924792714643424	0.987572300429889	 	 	0.0	-2.7406703838648547	6.95698749737463	6.871396590153151	
2000-1-24	-5.23238239342539	8.143222009880144	7.318940801120623	6.871396590153151	0.7839807662688436	 	 	0.0	-5.23238239342539	7.318940801120623	6.021591999823927	
2000-1-25	-3.10352649930426	8.085148074364755	7.585833341246912	6.021591999823927	0.7368945161190583	 	 	0.0	-3.10352649930426	7.5858333412469126	5.218873659644485	
2000-1-26	-4.768620232353713	8.026747010451375	7.763091802824535	5.218873659644485	0.7861209021340589	 	 	0.0	-4.768620232353713	7.763091802824534	4.366928933450044	
2000-1-27	-0.8722249811343925	7.968036029201603	7.8615779757137725	4.366928933450044	0.7153839875594334	Dodgy Diesel	Trevor	11.309733552923255	-0.8722249811343925	1.2584785794170512	15.012112709510854	
2000-1-28	-0.4771939628472493	7.909032433011087	2.201214560297808	15.012112709510854	0.5881299915526317	 	 	0.0	-0.4771939628472493	2.201214560297808	14.358158893897839	
2000-1-29	-6.461658465583221	7.8497536105104535	3.040068238158206	14.358158893897839	0.879890244474915	 	 	0.0	-6.461658465583221	3.040068238158206	13.412444825362538	
2000-1-30	-2.2892285765629254	7.790217031440776	3.7971381963981763	13.412444825362538	0.6110596743428056	 	 	0.0	-2.2892285765629254	3.7971381963981763	12.73556132695935	
2000-1-31	-3.8190978499502326	7.73044024150518	4.458734988738967	12.73556132695935	0.8668425912157315	 	 	0.0	-3.8190978499502326	4.458734988738967	11.802894911683241	
2000-2-1	-4.9372979372676475	7.670440857198027	5.043239831609382	11.802894911683241	0.9511374185771013	 	 	0.0	-4.9372979372676475	5.043239831609382	10.785933669045757	
2000-2-2	0.48482135185196534	7.61023656061327	5.556113791639815	10.785933669045757	0.9950346557639471	 	 	0.0	0.48482135185196534	5.556113791639815	9.410915923862449	
2000-2-3	-4.173962765764232	7.5498450942334445	5.999607111194931	9.410915923862449	0.6987693492707916	 	 	0.0	-4.173962765764232	5.999607111194931	8.646322750531274	
2000-2-4	0.15520021788044458	7.489284255700888	6.360456963334283	8.646322750531274	0.9886187579398604	 	 	0.0	0.15520021788044458	6.360456963334283	7.591880168531031	
2000-2-5	-2.571034089988805	7.428571892572686	6.655243897347453	7.591880168531031	0.5434609831168696	 	 	0.0	-2.571034089988805	6.655243897347453	6.982595361353779	
2000-2-6	-4.345392953787575	7.367725897060919	6.869108356860355	6.982595361353779	0.5583959988517998	 	 	0.0	-4.345392953787575	6.869108356860355	6.358375538441597	
2000-2-7	-3.9728947095506046	7.306764200759745	7.013409977557644	6.358375538441597	0.8636977561750183	 	 	0.0	-3.9728947095506046	7.013409977557643	5.428853958206195	
2000-2-8	-2.1761386251720016	7.2457047693608745	7.103129202569846	5.428853958206195	0.8041825681828567	 	 	0.0	-2.1761386251720016	7.103129202569846	4.558847565962957	
2000-2-9	-1.5541888205018113	7.184565597359	7.140588611008744	4.558847565962957	0.5848520690890496	 	 	0.0	-1.5541888205018113	7.140588611008744	3.9081716728135243	
2000-2-10	-3.320789107007212	7.123364702748735	7.131346449039195	3.9081716728135243	0.5789956972226783	Dodgy Diesel	Francis	11.309733552923255	-3.320789107007212	-0.847618920699752	14.105769419708356	
2000-2-11	-5.540673631478874	7.062120121714632	0.34452527629302776	14.105769419708356	0.6486125196416461	 	 	0.0	-5.540673631478874	0.34452527629302776	13.391333076006326	
2000-2-12	-3.3177812791229364	7.000849903315829	1.4039551706330642	13.39133307600633	0.5679403172134306	 	 	0.0	-3.3177812791229364	1.4039551706330642	12.757568934732516	
2000-2-13	-4.142559480312133	6.939572104166917	2.3309673624940017	12.757568934732516	0.8168028700706359	 	 	0.0	-4.142559480312133	2.3309673624940017	11.8749422406015	
2000-2-14	-2.98368011421107	6.878304783116566	3.151456871406633	11.874942240601497	0.8951561608137178	 	 	0.0	-2.98368011421107	3.151456871406633	10.913962255727398	
2000-2-15	-3.29754007853565	6.817065995925503	3.873469959576612	10.913962255727398	0.856762788058709	 	 	0.0	-3.29754007853565	3.873469959576612	9.991375643608304	
2000-2-16	-4.416373249774312	6.755873789945397	4.495838668899424	9.991375643608304	0.8379390420773479	 	 	0.0	-4.416373249774312	4.495838668899424	8.773453512111594	
2000-2-17	-1.5960999729669654	6.6947461988002175	5.019896006503165	8.773453512111594	0.616097581698837	 	 	0.0	-1.5960999729669654	5.019896006503165	8.091532106352375	
2000-2-18	-5.555824545843525	6.63370123707165	5.437163681109032	8.091532106352375	0.8326546885514177	 	 	0.0	-5.555824545843525	5.437163681109032	7.193053593740575	
2000-2-19	-4.831876961326021	6.572756894990106	5.767612803610889	7.193053593740575	0.5370904151327333	 	 	0.0	-4.831876961326021	5.767612803610889	6.590139354547459	
2000-2-20	-1.275797155086983	6.51193113313293	6.004105783828161	6.590139354547458	0.8292565450096738	 	 	0.0	-1.275797155086983	6.00410578382816	5.695058985477401	
2000-2-21	-0.5135801276312576	6.451241877131328	6.168546548373535	5.695058985477402	0.5051762612882803	 	 	0.0	-0.5135801276312576	6.168546548373535	5.124058900128738	
2000-2-22	1.3068214179903543	6.390707012387605	6.259370381241623	5.124058900128738	0.9781695898833572	 	 	0.0	1.3068214179903543	6.259370381241623	4.080065486184998	
2000-2-23	-1.6720298730365097	6.33034437880425	6.29581412941946	4.080065486184998	0.5346047209702252	Pristine Petroleum	Josh	11.309733552923255	-1.6720298730365097	0.2292878547184961	14.896258789060353	
2000-2-24	-3.4529378503352404	6.2701717655264435	1.0914261255672686	14.896258789060353	0.9038799382606982	 	 	0.0	-3.4529378503352404	1.0914261255672686	13.926555026739274	
2000-2-25	-1.042956626966311	6.210206905699508	1.8747495216095604	13.92655502673927	0.5079458693356668	 	 	0.0	-1.042956626966311	1.8747495216095604	13.35278533334322	
2000-2-26	-1.4227258843914588	6.150467471242868	2.558443276366882	13.35278533334322	0.5169772884489314	 	 	0.0	-1.4227258843914588	2.558443276366882	12.76998422083391	
2000-2-27	-5.719663839944842	6.09097106764206	3.150175583634164	12.76998422083391	0.5882407263315731	 	 	0.0	-5.719663839944842	3.150175583634164	12.115919670441953	
2000-2-28	-4.704669208633424	6.03173522876031	3.659948684983501	12.115919670441953	0.7896195990715607	 	 	0.0	-4.704669208633424	3.6599486849835006	11.26047624731001	
2000-2-29	0.6783760520466088	5.972777411671226	4.1013323736697185	11.26047624731001	0.5459689593879461	 	 	0.0	0.6783760520466088	4.1013323736697185	10.648683463861682	
2000-3-1	6.267299906083335	5.914114991514117	4.467945558041163	10.648683463861682	0.8924280700587848	 	 	0.0	6.267299906083335	4.467945558041163	9.376272304383535	
2000-3-2	3.382795606156071	5.855765256373461	4.7774250305377	9.376272304383535	0.61703802786084	 	 	0.0	3.382795606156071	4.7774250305377	8.693410452462313	
2000-3-3	3.4316161663827924	5.797745402184026	5.022909577973048	8.693410452462313	0.9344804875132322	 	 	0.0	3.4316161663827924	5.022909577973048	7.693106140888697	
2000-3-4	6.887345507269757	5.740072527663149	5.217944308354297	7.693106140888697	0.8580486887814516	 	 	0.0	6.887345507269757	5.217944308354297	6.769233628046863	
2000-3-5	7.153576809499416	5.682763629271668	5.361636878359734	6.769233628046865	0.97377037540872	 	 	0.0	7.153576809499416	5.361636878359734	5.729639428577762	
2000-3-6	4.871468793578247	5.625835596204983	5.458144627122137	5.729639428577762	0.7041680578642024	 	 	0.0	4.871468793578247	5.458144627122137	4.959647546653177	
2000-3-7	3.542158572688232	5.569305205415735	5.505058921480745	4.959647546653177	0.7348216048131843	 	 	0.0	3.542158572688232	5.505058921480745	4.15900211777961	
2000-3-8	2.6352618194893607	5.513189116669562	5.509150959036234	4.15900211777961	0.8042996806206958	Dodgy Diesel	Francis	11.309733552923255	2.6352618194893607	3.2896351452683175	14.758318516838978	
2000-3-9	3.0116145836806822	5.457503867635387	3.6030385752567353	14.758318516838978	0.5167832122873803	 	 	0.0	3.0116145836806822	3.6030385752567353	14.175711480491215	
2000-3-10	2.03831019844907	5.402265869011691	3.874174874662976	14.175711480491215	0.6246313183252277	 	 	0.0	2.03831019844907	3.874174874662976	13.485256338105605	
2000-3-11	7.469639163334115	5.3474913996902105	4.1079066851881585	13.485256338105602	0.8270699586681216	 	 	0.0	7.469639163334115	4.1079066851881585	12.592362555377097	
2000-3-12	1.7797166270289624	5.293196601958464	4.3096716548054825	12.592362555377097	0.7340779622788499	 	 	0.0	1.7797166270289624	4.3096716548054825	11.792460769037863	
2000-3-13	1.8127157284268842	5.239397476742557	4.479000212903989	11.792460769037863	0.5222895992278823	 	 	0.0	1.8127157284268842	4.479000212903989	11.2043473457496	
2000-3-14	6.423483166376372	5.18610987889162	4.614764554890781	11.204347345749602	0.6118901913060346	 	 	0.0	6.423483166376372	4.614764554890781	10.526633330383184	
2000-3-15	4.654046108869497	5.133349512505332	4.720955756223825	10.526633330383184	0.9446399571168886	 	 	0.0	4.654046108869497	4.720955756223825	9.202010283846933	
2000-3-16	5.845664936507099	5.081131926305831	4.8028178594034685	9.202010283846933	0.767947828144564	 	 	0.0	5.845664936507099	4.8028178594034685	8.368238631641987	
2000-3-17	4.166834369868499	5.029472509055449	4.859470554181336	8.368238631641987	0.6970290968407937	 	 	0.0	4.166834369868499	4.859470554181336	7.60538571074081	
2000-3-18	2.137217517943594	4.97838648502156	4.892177201819992	7.60538571074081	0.9103678350412153	 	 	0.0	2.137217517943594	4.892177201819992	6.629194051639212	
2000-3-19	1.5341972121317253	4.927888909489932	4.903446136201335	6.629194051639212	0.8989602526225862	 	 	0.0	1.5341972121317253	4.903446136201335	5.664409974956243	
2000-3-20	2.58601114957375	4.877994664327853	4.894046812486612	5.664409974956243	0.6764108462853771	 	 	0.0	2.58601114957375	4.894046812486612	4.922175304610482	
2000-3-21	8.40209579892151	4.828718453598386	4.866283036319401	4.922175304610482	0.533336753643283	 	 	0.0	8.40209579892151	4.866283036319401	4.308521872382557	
2000-3-22	7.148395602932144	4.780074799227007	4.824428650370536	4.308521872382557	0.8031622601200458	Pristine Petroleum	Arnold	11.309733552923255	7.148395602932144	6.6045602869020215	14.950366871507084	
2000-3-23	2.362458742875049	4.732078036721932	6.3364297198145065	14.950366871507084	0.7458895556690467	 	 	0.0	2.362458742875049	6.336429719814506	14.124160637253397	
2000-3-24	2.7538448461108422	4.684742310949372	6.085840633236186	14.124160637253397	0.965349243758819	 	 	0.0	2.7538448461108422	6.085840633236186	13.078494714909935	
2000-3-25	6.528299438056258	4.638081571964983	5.848263070516549	13.078494714909935	0.6732691400478714	 	 	0.0	6.528299438056258	5.848263070516549	12.324908896277424	
2000-3-26	2.688410633994397	4.592109570902711	5.629252256887248	12.324908896277424	0.5750949034015985	 	 	0.0	2.688410633994397	5.629252256887248	11.669497314291183	
2000-3-27	3.049314078469901	4.546839855922282	5.429689158951455	11.669497314291187	0.5851793535125516	 	 	0.0	3.049314078469901	5.429689158951455	11.004001282193993	
2000-3-28	3.0000959499567	4.502285768216483	5.2481004225426595	11.004001282193993	0.8830725955574643	 	 	0.0	3.0000959499567	5.2481004225426595	10.040612008051887	
2000-3-29	6.01303566353922	4.458460438079462	5.0782061255779904	10.040612008051887	0.8931934708754682	 	 	0.0	6.01303566353922	5.0782061255779904	8.752942593232799	
2000-3-30	3.869422666289235	4.415376781037168	4.919764213103214	8.752942593232799	0.8810145261448288	 	 	0.0	3.869422666289235	4.919764213103214	7.79161138850333	
2000-3-31	2.4677652038193645	4.373047494041082	4.772979340051167	7.79161138850333	0.6437273961757412	 	 	0.0	2.4677652038193645	4.772979340051167	7.067567313742947	
2000-4-1	3.6840566417419356	4.331485051726371	4.6423229107538795	7.067567313742947	0.7067162040562496	 	 	0.0	3.6840566417419356	4.6423229107538795	6.280534431102056	
2000-4-2	3.1510984940296027	4.290701702735555	4.525240597532762	6.280534431102056	0.8656011743329666	 	 	0.0	3.1510984940296027	4.525240597532762	5.3346165781844475	
2000-4-3	7.4725927580485765	4.250709466108774	4.417632503031298	5.3346165781844475	0.8851946375337157	 	 	0.0	7.4725927580485765	4.417632503031298	4.36910526206609	
2000-4-4	5.128747063834896	4.211520127741725	4.319000832170281	4.36910526206609	0.7950094637707097	Pristine Petroleum	Jeff	11.309733552923255	5.128747063834896	4.9360290644449725	14.994025626623197	
2000-4-5	6.53482256227917	4.173145236912301	4.827313842201393	14.994025626623193	0.9149029515896789	 	 	0.0	6.53482256227917	4.827313842201393	13.998805996448873	
2000-4-6	4.991268144223914	4.13559610287697	4.721584118493625	13.998805996448873	0.8164151199568025	 	 	0.0	4.991268144223914	4.721584118493625	13.102074197907429	
2000-4-7	7.095755613713165	4.098883791537878	4.619741327163174	13.102074197907429	0.7886331518278917	 	 	0.0	7.095755613713165	4.619741327163174	12.2331243674949	
2000-4-8	2.4663433596065967	4.063019122181686	4.5220621543375366	12.233124367494902	0.6342023505288122	 	 	0.0	2.4663433596065967	4.5220621543375366	11.51860533838145	
2000-4-9	6.53077582858068	4.028012664291069	4.429861269634794	11.51860533838145	0.7371224589341844	 	 	0.0	6.53077582858068	4.429861269634794	10.701166200862623	
2000-4-10	4.612473161631435	3.9938747344298453	4.342101926730267	10.701166200862623	0.6081425878572843	 	 	0.0	4.612473161631435	4.342101926730267	10.012706934420699	
2000-4-11	9.110300894031374	3.960615393202637	4.259869891789248	10.012706934420699	0.5040650039989444	 	 	0.0	9.110300894031374	4.259869891789248	9.114165986478135	
2000-4-12	2.638202217210805	3.9282444422899623	4.183809259503064	9.114165986478135	0.9913489731785781	 	 	0.0	2.638202217210805	4.183809259503064	8.042500334714916	
2000-4-13	2.770586786217376	3.8967714215596354	4.109208967442029	8.042500334714916	0.7559805806570936	 	 	0.0	2.770586786217376	4.109208967442029	7.20620307547318	
2000-4-14	3.2053168510925345	3.8662056062553254	4.0387295337321385	7.20620307547318	0.867383970515985	 	 	0.0	3.2053168510925345	4.0387295337321385	6.258502426372554	
2000-4-15	4.972323433855433	3.8365560042630986	3.971218209132755	6.258502426372553	0.9705682878675183	 	 	0.0	4.972323433855433	3.971218209132755	5.207617459920393	
2000-4-16	5.592208410543342	3.8078313534567507	3.905653767124212	5.207617459920393	0.972935366458874	 	 	0.0	5.592208410543342	3.905653767124212	4.154365414876878	
2000-4-17	6.203763236177747	3.78004011912272	3.8424721163898603	4.154365414876878	0.5366030573391286	Dodgy Diesel	Francis	11.309733552923255	6.203763236177747	5.636957618820885	15.051026389922015	
2000-4-18	2.8356895589893987	3.7531904914653254	5.369340863909008	15.051026389922015	0.8704643758828952	 	 	0.0	2.8356895589893987	5.369340863909008	14.100245335454476	
2000-4-19	2.1997865666960394	3.7272903831930746	5.120049061949321	14.100245335454476	0.9587951309893246	 	 	0.0	2.1997865666960394	5.12004906194932	13.06113352588051	
2000-4-20	2.487279811448605	3.702347427186756	4.887336254336071	13.06113352588051	0.7674158868248356	 	 	0.0	2.487279811448605	4.887336254336071	12.213400960471034	
2000-4-21	4.128546327862413	3.6783689742499917	4.674803486813427	12.213400960471036	0.7436216362262092	 	 	0.0	4.128546327862413	4.674803486813427	11.389462645660185	
2000-4-22	3.5109934650862518	3.655362090942922	4.482301559648839	11.389462645660185	0.8574251007718093	 	 	0.0	3.5109934650862518	4.482301559648839	10.451720866303734	
2000-4-23	6.4114238929747485	3.6333335574996575	4.307198502773213	10.451720866303734	0.9796259819222487	 	 	0.0	6.4114238929747485	4.307198502773213	9.077618940437866	
2000-4-24	3.7973027021054495	3.612289865830115	4.147166250162893	9.077618940437866	0.7781948820717866	 	 	0.0	3.7973027021054495	4.147166250162893	8.219107379781438	
2000-4-25	2.5622424803563186	3.592237217606817	4.006046548003749	8.219107379781438	0.5582983894816034	 	 	0.0	2.5622424803563186	4.006046548003749	7.580492311715194	
2000-4-26	5.162169564637242	3.5731815224372365	3.886713111964487	7.580492311715194	0.9685876766113225	 	 	0.0	5.162169564637242	3.886713111964487	6.531587956519228	
2000-4-27	7.99097573066913	3.5551283961222047	3.7806350783537983	6.531587956519228	0.8809241311089132	 	 	0.0	7.99097573066913	3.7806350783537983	5.570347146825674	
2000-4-28	2.7894458647992924	3.5380831590009088	3.6896602509214005	5.570347146825675	0.7225253816473766	 	 	0.0	2.7894458647992924	3.6896602509214005	4.767505086593657	
2000-4-29	5.677763763290028	3.5220508343829664	3.616215232437145	4.767505086593657	0.8010308351182318	 	 	0.0	5.677763763290028	3.616215232437145	3.886157572890783	
2000-4-30	3.0187280360751587	3.5070361470680287	3.5575286429150967	3.886157572890783	0.7834516088885926	Pristine Petroleum	Josh	11.309733552923255	3.0187280360751587	3.13355102642285	14.496555805968264	
2000-5-1	8.134960899669528	3.4930435219533646	3.1864720605131605	14.496555805968264	0.7684392536207139	 	 	0.0	8.134960899669528	3.1864720605131605	13.647799873762906	
2000-5-2	10.246300759346044	3.480077082729821	3.2324477500513926	13.647799873762906	0.8900217455415911	 	 	0.0	10.246300759346044	3.232447750051392	12.677461449636676	
2000-5-3	6.386568217158124	3.4681406506665513	3.272253664055955	12.677461449636676	0.8150499674670796	 	 	0.0	6.386568217158124	3.272253664055955	11.782094803584954	
2000-5-4	6.7095552986731235	3.457237743484874	3.30593612384384	11.782094803584954	0.7242191598247261	 	 	0.0	6.7095552986731235	3.30593612384384	10.977558965175588	
2000-5-5	7.3971034437062135	3.4473715743215774	3.333633169588062	10.977558965175588	0.5595079275232674	 	 	0.0	7.3971034437062135	3.3336331695880617	10.33773435906768	
2000-5-6	7.065234963203324	3.4385450507819995	3.3554899495565107	10.33773435906768	0.784022061949624	 	 	0.0	7.065234963203324	3.3554899495565107	9.159236353174435	
2000-5-7	9.452275309928327	3.430760774083142	3.37265171862139	9.159236353174435	0.5229108983069305	 	 	0.0	9.452275309928327	3.37265171862139	8.556008776282864	
2000-5-8	3.8062994064498787	3.4240210382870755	3.385189926834531	8.556008776282864	0.5798905375319564	 	 	0.0	3.8062994064498787	3.385189926834531	7.895801560166267	
2000-5-9	8.116505676981161	3.418327829624875	3.393954639815643	7.895801560166267	0.8769335187683773	 	 	0.0	8.116505676981161	3.3939546398156435	6.9385513628132465	
2000-5-10	7.912360687060054	3.4136828259112657	3.3998925204128234	6.9385513628132465	0.8971886807778054	 	 	0.0	7.912360687060054	3.3998925204128234	5.961046003450799	
2000-5-11	2.5554372900196136	3.4100873960501614	3.403464224093969	5.9610460034508	0.6409050317153264	 	 	0.0	2.5554372900196136	3.403464224093969	5.239824293150832	
2000-5-12	3.219130264383312	3.4075425996312454	3.4050897285570527	5.239824293150832	0.5640975939486627	 	 	0.0	3.219130264383312	3.4050897285570527	4.5954100206175275	
2000-5-13	6.929466924530498	3.4060491866177016	3.40552576238784	4.5954100206175275	0.9877546943382385	Dodgy Diesel	Trevor	11.309733552923255	6.929466924530498	6.085932733120088	15.049938774953358	
2000-5-14	3.635775002915898	3.4056075971252016	5.70493556397853	15.049938774953358	0.6125525323437497	 	 	0.0	3.635775002915898	5.70493556397853	14.357069564024965	
2000-5-15	5.97500191434942	3.4062179612921946	5.362205288206632	14.357069564024965	0.5101967251759242	 	 	0.0	5.97500191434942	5.362205288206632	13.766556160264404	
2000-5-16	5.615613912080693	3.4078800992415594	5.058147450616202	13.766556160264404	0.6967443935475974	 	 	0.0	5.615613912080693	5.058147450616202	12.989495088132166	
2000-5-17	3.0393940760348577	3.4105935211336127	4.7861950190162865	12.989495088132166	0.6869349857473521	 	 	0.0	3.0393940760348577	4.7861950190162865	12.222243423800174	
2000-5-18	4.731535108675702	3.4143574273104687	4.545236210151229	12.222243423800174	0.6807625683069128	 	 	0.0	4.731535108675702	4.545236210151229	11.461164176908623	
2000-5-19	11.797069696309968	3.4191707085317016	4.333998415888636	11.461164176908623	0.5955866510179798	 	 	0.0	11.797069696309968	4.333998415888636	10.785260847306	
2000-5-20	10.288003191586975	3.425031946301242	4.1525220280830375	10.785260847306	0.5707400085301311	 	 	0.0	10.288003191586975	4.1525220280830375	10.13420416019123	
2000-5-21	8.124189880101325	3.431939413285417	3.9991494425801015	10.13420416019123	0.7815025285103465	 	 	0.0	8.124189880101325	3.9991494425801015	8.958225687737263	
2000-5-22	8.133151939899857	3.4398910738220008	3.868684376460456	8.958225687737263	0.8072609596153444	 	 	0.0	8.133151939899857	3.868684376460456	8.070648049537278	
2000-5-23	3.830266492127949	3.448884584520137	3.759998055821048	8.070648049537278	0.9325195695703279	 	 	0.0	3.830266492127949	3.759998055821048	7.0578118013823055	
2000-5-24	8.695991264702934	3.4589172949509406	3.6708725913418414	7.0578118013823055	0.5179699451215675	 	 	0.0	8.695991264702934	3.6708725913418414	6.459525177676095	
2000-5-25	6.651599467831644	3.4699862484286004	3.6059051309627965	6.459525177676095	0.6974237234134645	 	 	0.0	6.651599467831644	3.6059051309627965	5.68178477567799	
2000-5-26	7.3290638310361755	3.48208818288172	3.560384298909477	5.68178477567799	0.7516917060596502	 	 	0.0	7.3290638310361755	3.5603842989094767	4.849776391033698	
2000-5-27	6.083477975796242	3.495219531814668	3.532318064384564	4.849776391033698	0.5302068177759923	 	 	0.0	6.083477975796242	3.532318064384564	4.239252894673064	
2000-5-28	9.293426749351855	3.5093764253586426	3.521014519630759	4.239252894673064	0.909705570803708	Dodgy Diesel	Francis	11.309733552923255	9.293426749351855	7.998769427809774	14.801312276385618	
2000-5-29	7.128640825299112	3.524554691412137	7.350488595677432	14.801312276385618	0.9579407215961049	 	 	0.0	7.128640825299112	7.350488595677431	13.763054876204869	
2000-5-30	11.386185724270463	3.5407498568704767	6.756298684309889	13.763054876204869	0.7920113180669303	 	 	0.0	11.386185724270463	6.756298684309889	12.8907268795533	
2000-5-31	9.761872156962264	3.557957148944068	6.223217937618387	12.8907268795533	0.826502496660086	 	 	0.0	9.761872156962264	6.223217937618387	11.983907704308573	
2000-6-1	11.821100248489467	3.5761714965649545	5.748021080619501	11.983907704308574	0.690696817731021	 	 	0.0	11.821100248489467	5.748021080619501	11.212894207992912	
2000-6-2	8.00500265398658	3.5953875318812907	5.3344608945088146	11.21289420799291	0.8167139913972099	 	 	0.0	8.00500265398658	5.3344608945088146	10.31586353801106	
2000-6-3	10.365539726842393	3.6155995918392674	4.9747840148992	10.31586353801106	0.996574272006463	 	 	0.0	10.365539726842393	4.9747840148992	8.924813322060977	
2000-6-4	9.873414532247965	3.6368017198520435	4.661149453159829	8.924813322060977	0.5370769795568588	 	 	0.0	9.873414532247965	4.661149453159829	8.307419663919477	
2000-6-5	7.576938857286848	3.6589876675551762	4.408863208494841	8.307419663919477	0.9503345670244839	 	 	0.0	7.576938857286848	4.408863208494841	7.276768418310351	
2000-6-6	8.75414241566196	3.682150896648046	4.200066052140449	7.276768418310351	0.854918594095533	 	 	0.0	8.75414241566196	4.200066052140449	6.341533145630178	
2000-6-7	7.901035389613849	3.706284580820721	4.037308631249037	6.341533145630178	0.7275578908243969	 	 	0.0	7.901035389613849	4.037308631249037	5.533658576221138	
2000-6-8	11.486486585372385	3.7313816077657025	3.921769909121752	5.533658576221138	0.5581944803367316	 	 	0.0	11.486486585372385	3.921769909121752	4.895147417299765	
2000-6-9	12.082237945965646	3.7574345812739565	3.851619253214282	4.895147417299765	0.6733842306187132	 	 	0.0	12.082237945965646	3.851619253214282	4.1414465080964105	
2000-6-10	10.99777881120294	3.784435823414608	3.8177236790531617	4.1414465080964105	0.7610496540145247	Dodgy Diesel	Francis	11.309733552923255	10.99777881120294	9.318369529378625	14.423142618628	
2000-6-11	16.6280451320845	3.8123773767976643	8.498005737507716	14.423142618628	0.6968606514390049	 	 	0.0	16.6280451320845	8.498005737507716	13.645965288604353	
2000-6-12	10.104924194995155	3.841251006919093	7.764396577611783	13.645965288604353	0.9577442706295939	 	 	0.0	10.104924194995155	7.764396577611782	12.60790433939012	
2000-6-13	7.900728420651127	3.8710482045875687	7.099804148497665	12.60790433939012	0.7272950843319208	 	 	0.0	7.900728420651127	7.099804148497665	11.800292576473558	
2000-6-14	15.680613669671052	3.9017601884321707	6.51594724394264	11.800292576473558	0.7439984661380991	 	 	0.0	15.680613669671052	6.51594724394264	10.975977431750819	
2000-6-15	10.271587044650152	3.933377907490295	6.008331355894976	10.975977431750819	0.7436812627167281	 	 	0.0	10.271587044650152	6.008331355894976	10.151979490449449	
2000-6-16	7.472708632311357	3.96589204387501	5.573500555147675	10.151979490449449	0.8920369967567947	 	 	0.0	7.472708632311357	5.573500555147675	8.865466549749033	
2000-6-17	12.28307286545222	3.999293015521086	5.201776122004252	8.865466549749033	0.837326057197037	 	 	0.0	12.28307286545222	5.201776122004252	7.9478238139673545	
2000-6-18	9.237592701561285	4.03357097900887	4.8941999064912105	7.9478238139673545	0.9240895910887089	 	 	0.0	9.237592701561285	4.8941999064912105	6.943417544294005	
2000-6-19	8.308532529205218	4.0687158324651875	4.645503589797625	6.943417544294003	0.9976052502186159	 	 	0.0	8.308532529205218	4.645503589797625	5.865495615490746	
2000-6-20	10.932560730541999	4.1047172185404115	4.452691000795575	5.865495615490746	0.5115010861500319	 	 	0.0	10.932560730541999	4.452691000795575	5.273677850756072	
2000-6-21	15.369462455103601	4.141564527460824	4.329339326274777	5.273677850756072	0.7743459403042919	 	 	0.0	15.369462455103601	4.329339326274777	4.419015231867139	
2000-6-22	8.718937348294448	4.179246900155356	4.258333223597012	4.419015231867139	0.8646695339112487	Dodgy Diesel	Francis	11.309733552923255	8.718937348294448	7.614500902133314	14.345087189721534	
2000-6-23	8.285511440226252	4.217753231455816	7.106550959617876	14.345087189721534	0.6844323183185568	 	 	0.0	8.285511440226252	7.106550959617876	13.580338192818338	
2000-6-24	14.569604444948027	4.257072173369627	6.656129914897929	13.580338192818338	0.6702623607755355	 	 	0.0	14.569604444948027	6.656129914897928	12.829759153458166	
2000-6-25	8.408745796022089	4.297192138424135	6.261084669778647	12.829759153458166	0.707181456406426	 	 	0.0	8.408745796022089	6.261084669778648	12.042261018467098	
2000-6-26	12.64826735676249	4.3381013030814914	5.917574553413898	12.0422610184671	0.973202226168187	 	 	0.0	12.64826735676249	5.917574553413898	10.988742113714272	
2000-6-27	8.64644408804721	4.379787611223099	5.615877142652946	10.988742113714272	0.7400330761225238	 	 	0.0	8.64644408804721	5.615877142652946	10.168392359007107	
2000-6-28	10.796570367336052	4.422238777702612	5.362287771418854	10.168392359007107	0.7489930816441195	 	 	0.0	10.796570367336052	5.362287771418854	9.024923333419368	
2000-6-29	11.064116265138821	4.4654422919664185	5.154302209970418	9.024923333419368	0.8963633986568095	 	 	0.0	11.064116265138821	5.154302209970418	8.048243256177917	
2000-6-30	8.547098175556128	4.509385421740566	4.986629795411848	8.048243256177917	0.5578886473750343	 	 	0.0	8.547098175556128	4.986629795411849	7.410037930218243	
2000-7-1	13.601391983741395	4.554055216783011	4.864500754031185	7.410037930218243	0.5277234753444117	 	 	0.0	13.601391983741395	4.864500754031185	6.801997776289189	
2000-7-2	16.17092407541833	4.5994385127001225	4.782986973465426	6.801997776289189	0.6555029091573087	 	 	0.0	16.17092407541833	4.782986973465426	6.066178188547239	
2000-7-3	18.075510675454513	4.645521934826288	4.735589241970014	6.066178188547239	0.8943107466943069	 	 	0.0	18.075510675454513	4.735589241970014	5.09155076326829	
2000-7-4	15.488620428035247	4.692291902165486	4.717803630195089	5.09155076326829	0.5059539404221843	 	 	0.0	15.488620428035247	4.717803630195089	4.505280144261464	
2000-7-5	24.319754308810705	4.739734631393672	4.727984520984901	4.505280144261464	0.5779998596206049	 	 	0.0	24.319754308810705	4.727984520984901	3.8469636060562173	
2000-7-6	12.412648064767396	4.7878361409207795	4.7605240938515605	3.8469636060562173	0.6925510356144482	Dodgy Diesel	Trevor	11.309733552923255	12.412648064767396	10.773521482624279	14.665316228610473	
2000-7-7	24.740874624527077	4.8365822550111695	9.902465516581147	14.665316228610473	0.5153574782009437	 	 	0.0	24.740874624527077	9.902465516581147	14.069642071824891	
2000-7-8	18.827764581172598	4.8859586079612765	9.135325668883372	14.069642071824891	0.8651224134770115	 	 	0.0	18.827764581172598	9.135325668883372	13.12420297976324	
2000-7-9	23.361145399136532	4.935950648333252	8.446336775769671	13.12420297976324	0.9879285666945559	 	 	0.0	23.361145399136532	8.446336775769671	12.055957734484045	
2000-7-10	18.86210300071241	4.986543643243337	7.827521633402679	12.055957734484045	0.7664756162519488	 	 	0.0	18.86210300071241	7.827521633402679	11.209165439647455	
2000-7-11	17.645044621856954	5.037722682703714	7.290128384994787	11.209165439647455	0.6762593042745686	 	 	0.0	17.645044621856954	7.290128384994787	10.452589456788246	
2000-7-12	15.017576001120217	5.089472684016544	6.83485843595045	10.452589456788246	0.7235291360911142	 	 	0.0	15.017576001120217	6.83485843595045	9.334584376753511	
2000-7-13	18.38891361956036	5.141778396218909	6.4546246970626795	9.334584376753511	0.7949365401738451	 	 	0.0	18.38891361956036	6.4546246970626795	8.459331157995026	
2000-7-14	14.250256924087195	5.194624404577344	6.1425061568053305	8.459331157995026	0.6489741833859949	 	 	0.0	14.250256924087195	6.142506156805331	7.73004029602439	
2000-7-15	24.71383518968054	5.247995135130624	5.900102836799137	7.73004029602439	0.9556087697721676	 	 	0.0	24.71383518968054	5.900102836799137	6.694114847667579	
2000-7-16	18.3578916621049	5.30187485927949	5.712952128037396	6.694114847667579	0.7387541648590785	 	 	0.0	18.3578916621049	5.712952128037396	5.875044004223859	
2000-7-17	20.705527944756493	5.356247698421926	5.585828813544441	5.875044004223859	0.582833112027608	 	 	0.0	20.705527944756493	5.585828813544441	5.211894213611609	
2000-7-18	14.97754995376041	5.411097628632671	5.5156442703055815	5.211894213611609	0.7750817722778095	 	 	0.0	14.97754995376041	5.5156442703055815	4.356495762749158	
2000-7-19	21.822001195138597	5.466408485385532	5.491986356578083	4.356495762749158	0.611564558753698	Dodgy Diesel	Trevor	11.309733552923255	21.822001195138597	17.78766563592858	15.147632757901386	
2000-7-20	14.414919239335774	5.522163968317152	16.032891756361924	15.147632757901388	0.9877261686943893	 	 	0.0	14.414919239335774	16.032891756361924	14.079589910622357	
2000-7-21	21.581035959620603	5.578347646030793	14.424326053432587	14.079589910622357	0.9210694061454247	 	 	0.0	21.581035959620603	14.424326053432587	13.07820382589229	
2000-7-22	14.60395447713826	5.634942960938757	12.968494510337077	13.078203825892288	0.8716705020220732	 	 	0.0	14.60395447713826	12.968494510337077	12.126216645285576	
2000-7-23	17.110755618132078	5.691933234141968	11.668220958259312	12.126216645285576	0.8328983806985788	 	 	0.0	17.110755618132078	11.668220958259312	11.213001586002356	
2000-7-24	22.54353839523066	5.749301670345331	10.523589470417177	11.213001586002356	0.9994660092084839	 	 	0.0	22.54353839523066	10.523589470417177	10.13321889820923	
2000-7-25	18.304884087151592	5.807031362807381	9.512464799877831	10.13321889820923	0.5420122388282913	 	 	0.0	18.304884087151592	9.512464799877831	9.196730715437319	
2000-7-26	18.762292602384615	5.865105298322771	8.678581027690063	9.196730715437319	0.5097199020480959	 	 	0.0	18.762292602384615	8.678581027690063	8.606694134804583	
2000-7-27	21.85809386494721	5.923506362236149	8.00613944623493	8.606694134804583	0.9882168629530539	 	 	0.0	21.85809386494721	8.00613944623493	7.538160593266888	
2000-7-28	19.6961671760396	5.982217343485923	7.442551925451455	7.538160593266888	0.8500710020181069	 	 	0.0	19.6961671760396	7.442551925451455	6.607772912664139	
2000-7-29	17.74050718248484	6.041220939676437	6.997668002467531	6.607772912664139	0.9241124336279013	 	 	0.0	17.74050718248484	6.997668002467531	5.603343800451595	
2000-7-30	16.773543395533345	6.100499762177071	6.661951080032434	5.603343800451595	0.7825893355880567	 	 	0.0	16.773543395533345	6.661951080032434	4.740437786278897	
2000-7-31	21.68872537649727	6.160036341246748	6.4400311398330885	4.740437786278897	0.9923530549281048	Dodgy Diesel	Francis	11.309733552923255	21.68872537649727	17.947401301794276	15.263057690330653	
2000-8-1	10.69404864722082	6.219813131182345	16.282240601156914	15.263057690330653	0.9188319588695276	 	 	0.0	10.69404864722082	16.282240601156914	14.263909052876485	
2000-8-2	13.9855688342827	6.279812515489498	14.76314905658824	14.263909052876485	0.907681906895629	 	 	0.0	13.9855688342827	14.76314905658824	13.275910467396216	
2000-8-3	15.57160841633408	6.340016812074256	13.388741040077559	13.275910467396216	0.9726052331672346	 	 	0.0	15.57160841633408	13.388741040077559	12.22298855564434	
2000-8-4	14.683459992890173	6.400408278454081	12.149537778855635	12.22298855564434	0.6440345040565132	 	 	0.0	14.683459992890173	12.149537778855635	11.498637373003188	
2000-8-5	13.142095557385607	6.460969116986638	11.076971388635833	11.498637373003188	0.9436525816578496	 	 	0.0	13.142095557385607	11.076971388635833	10.474668112760698	
2000-8-6	9.32877064533161	6.521681480114839	10.132654329915152	10.474668112760698	0.6972347380213689	 	 	0.0	9.32877064533161	10.132654329915152	9.38295743079571	
2000-8-7	13.817041190331402	6.5825274756266055	9.33656021421731	9.38295743079571	0.7296678409448891	 	 	0.0	13.817041190331402	9.33656021421731	8.572972911266179	
2000-8-8	10.120261142181585	6.643489171927779	8.676183477347177	8.572972911266179	0.8637373146017677	 	 	0.0	10.120261142181585	8.676183477347177	7.628918918079771	
2000-8-9	12.434249215686696	6.704548603326651	8.133283415254768	7.628918918079772	0.780471462253161	 	 	0.0	12.434249215686696	8.133283415254768	6.76813077724197	
2000-8-10	11.192388820895838	6.765687775328525	7.709071090877055	6.76813077724197	0.8007029102701335	 	 	0.0	11.192388820895838	7.709071090877055	5.887111188387195	
2000-8-11	15.199022026855078	6.82688866993879	7.3946252897383316	5.887111188387195	0.8715257536396539	 	 	0.0	15.199022026855078	7.3946252897383316	4.935268756162899	
2000-8-12	15.125142987760901	6.888133250972893	7.1793472151793445	4.935268756162899	0.6339591709325025	 	 	0.0	15.125142987760901	7.1793472151793445	4.220992906645755	
2000-8-13	17.759090316951287	6.9494034693716955	7.0651011717740575	4.220992906645755	0.9748237934264214	Pristine Petroleum	Arnold	11.309733552923255	17.759090316951287	15.350613057066408	14.371004283208366	
2000-8-14	14.734022263511177	7.010681268520608	14.094970309994999	14.371004283208366	0.8633975438356348	 	 	0.0	14.734022263511177	14.094970309994999	13.427290060788092	
2000-8-15	16.802581161386136	7.071948589570959	12.963094902128866	13.427290060788092	0.6972861393271809	 	 	0.0	16.802581161386136	12.963094902128866	12.649687242876272	
2000-8-16	11.867585561599887	7.133187376762022	11.965543256305086	12.649687242876272	0.7557589401391148	 	 	0.0	11.867585561599887	11.965543256305084	11.813611624152518	
2000-8-17	9.27859107393061	7.194379582742128	11.090771253127036	11.813611624152518	0.8279258770030533	 	 	0.0	9.27859107393061	11.090771253127036	10.905369068564823	
2000-8-18	13.925027631722719	7.255507173887307	10.32803628859428	10.905369068564823	0.7666120191793856	 	 	0.0	13.925027631722719	10.32803628859428	10.058440370800799	
2000-8-19	16.761241687861467	7.316552135615875	9.677628732463218	10.058440370800799	0.9780054644303434	 	 	0.0	16.761241687861467	9.677628732463218	8.685958962426835	
2000-8-20	9.038085995497061	7.377496477697419	9.120731199476895	8.685958962426835	0.7521258357624743	 	 	0.0	9.038085995497061	9.120731199476895	7.853516448079722	
2000-8-21	15.325141266946632	7.438322239554594	8.670496942637591	7.853516448079722	0.5022457362895502	 	 	0.0	15.325141266946632	8.670496942637591	7.270954033205529	
2000-8-22	11.275582901774959	7.499011495556196	8.332043331609935	7.270954033205529	0.8093064924047098	 	 	0.0	11.275582901774959	8.332043331609935	6.381330862216178	
2000-8-23	9.826974163756558	7.559546360299921	8.077843200084049	6.381330862216178	0.6762894761966628	 	 	0.0	9.826974163756558	8.077843200084049	5.624724707434873	
2000-8-24	15.349459830290629	7.619908993883275	7.906932452112502	5.624724707434873	0.758161305219744	 	 	0.0	15.349459830290629	7.906932452112502	4.786246723630487	
2000-8-25	12.196159719385278	7.680081607161082	7.8074536810339845	4.786246723630487	0.5477641728732482	 	 	0.0	12.196159719385278	7.8074536810339845	4.158165872172598	
2000-8-26	13.41124020595957	7.740046466988018	7.773433104677759	4.158165872172598	0.958989935034826	Pristine Petroleum	Jeff	11.309733552923255	13.41124020595957	12.190882972195304	14.722667191789578	
2000-8-27	9.77876534913846	7.7997859014446576	11.548179014282278	14.722667191789578	0.5353550210238429	 	 	0.0	9.77876534913846	11.548179014282278	14.10699549218109	
2000-8-28	11.956816880110475	7.859282305045465	10.984556414434934	14.10699549218109	0.609300788421904	 	 	0.0	11.956816880110475	10.984556414434934	13.417378025174548	
2000-8-29	11.620135337816743	7.918518143927216	10.49175481584067	13.417378025174548	0.926916802845528	 	 	0.0	11.620135337816743	10.49175481584067	12.41014454374438	
2000-8-30	14.641159421345748	7.9774759610162995	10.05422646003011	12.41014454374438	0.6497790785832147	 	 	0.0	14.641159421345748	10.05422646003011	11.680048786576524	
2000-8-31	14.428223349671692	8.036138381173409	9.680667598783442	11.680048786576524	0.8873232923181589	 	 	0.0	14.428223349671692	9.680667598783442	10.712408815673724	
2000-9-1	11.534353294222234	8.094488116314064	9.359867997340778	10.712408815673724	0.5370156527224719	 	 	0.0	11.534353294222234	9.359867997340778	10.095076484366613	
2000-9-2	19.384980197505914	8.1525079705035	9.100364102316489	10.095076484366613	0.8788432193115403	 	 	0.0	19.384980197505914	9.100364102316489	8.821757321111452	
2000-9-3	12.63825599184934	8.210180845024375	8.888290996665184	8.821757321111452	0.6134801006904045	 	 	0.0	12.63825599184934	8.888290996665184	8.127960541836407	
2000-9-4	15.412804128883154	8.267489743415856	8.72780770086074	8.127960541836407	0.7467920161257116	 	 	0.0	15.412804128883154	8.72780770086074	7.300851847126055	
2000-9-5	12.845107127247504	8.324417776482543	8.611734265093729	7.300851847126055	0.9842611465653512	 	 	0.0	12.845107127247504	8.611734265093729	6.236274021976061	
2000-9-6	15.39898840909546	8.38094816727179	8.53400049483029	6.236274021976061	0.7700355682570487	 	 	0.0	15.39898840909546	8.53400049483029	5.385921775134371	
2000-9-7	16.00365860094436	8.437064256017964	8.496198573944243	5.385921775134371	0.9554429939954627	 	 	0.0	16.00365860094436	8.496198573944243	4.3501621025542665	
2000-9-8	16.060808486215407	8.492749505052139	8.494533375781733	4.3501621025542665	0.9324940014684151	Pristine Petroleum	Jeff	11.309733552923255	16.060808486215407	14.338407611952794	14.974694672745962	
2000-9-9	15.092320220016816	8.547987503675834	13.503459415146306	14.974694672745962	0.9407976212687779	 	 	0.0	15.092320220016816	13.503459415146306	13.953580372892542	
2000-9-10	17.13475532796902	8.602761972997314	12.744609856457574	13.953580372892539	0.8703394272087307	 	 	0.0	17.13475532796902	12.744609856457574	13.00292426709917	
2000-9-11	15.954279211583513	8.65705677072906	12.064828075612866	13.00292426709917	0.5229552771854183	 	 	0.0	15.954279211583513	12.064828075612864	12.39965231132911	
2000-9-12	12.507583799918672	8.71085589594497	11.47964612270747	12.39965231132911	0.9446212154442961	 	 	0.0	12.507583799918672	11.47964612270747	11.374714417300172	
2000-9-13	18.951255180333124	8.764143493795904	10.962294772792823	11.374714417300172	0.5093526968069602	 	 	0.0	18.951255180333124	10.962294772792823	10.785045041908573	
2000-9-14	18.81724327873432	8.816903860182192	10.530790832978882	10.785045041908573	0.6555727013922413	 	 	0.0	18.81724327873432	10.530790832978882	10.04915566193169	
2000-9-15	16.91886963687007	8.869121446381694	10.171487104748515	10.04915566193169	0.6388472571528603	 	 	0.0	16.91886963687007	10.171487104748515	9.01583246083521	
2000-9-16	17.987184113293612	8.920780863632077	9.879590828055104	9.01583246083521	0.8503633949009153	 	 	0.0	17.987184113293612	9.879590828055104	8.085152387349654	
2000-9-17	14.940030014597141	8.971866887665964	9.643432380822244	8.085152387349654	0.8754947309213277	 	 	0.0	14.940030014597141	9.643432380822244	7.129340977843685	
2000-9-18	13.076583839072688	9.022364463197594	9.460237456409164	7.129340977843686	0.7748699739962783	 	 	0.0	13.076583839072688	9.460237456409164	6.274154325262766	
2000-9-19	17.80043535494629	9.072258708359673	9.330224115431282	6.274154325262766	0.8546483491315879	 	 	0.0	17.80043535494629	9.330224115431282	5.339189297546536	
2000-9-20	11.695053472221339	9.12153491908914	9.24805719820397	5.339189297546536	0.8204028770095508	 	 	0.0	11.695053472221339	9.24805719820397	4.438469741952344	
2000-9-21	14.301604210696405	9.170178573460518	9.211174927531344	4.438469741952344	0.5225175244308171	 	 	0.0	14.301604210696405	9.211174927531344	3.835635538936885	
2000-9-22	17.118387497003724	9.218175335965594	9.215011124209004	3.835635538936885	0.6591693654225053	Dodgy Diesel	Francis	11.309733552923255	17.118387497003724	15.339082121533284	14.06673659256354	
2000-9-23	12.76961040423542	9.265511061738152	14.404438896896538	14.06673659256354	0.885170359818207	 	 	0.0	12.76961040423542	14.404438896896538	13.101249554160693	
2000-9-24	10.950976646637265	9.312171800722542	13.562518907823579	13.101249554160693	0.9710279211935217	 	 	0.0	10.950976646637265	13.562518907823579	12.049904954382539	
2000-9-25	14.556016524224704	9.358143801784813	12.805837308016907	12.049904954382539	0.5034884096669097	 	 	0.0	14.556016524224704	12.805837308016905	11.466099866130987	
2000-9-26	14.468306290147261	9.403413516765244	12.161974810971731	11.466099866130987	0.5718706936301987	 	 	0.0	14.468306290147261	12.161974810971731	10.813912493916147	
2000-9-27	13.794310112575408	9.447967604471042	11.616876499655628	10.813912493916147	0.98864631333436	 	 	0.0	13.794310112575408	11.616876499655628	9.744949501997146	
2000-9-28	18.806214934747675	9.491792934608062	11.141971554520588	9.744949501997146	0.84390887730736	 	 	0.0	18.806214934747675	11.141971554520588	8.506564680746166	
2000-9-29	12.76975920572754	9.534876591650356	10.74401462038267	8.506564680746166	0.8410225431404155	 	 	0.0	12.76975920572754	10.74401462038267	7.58522545902111	
2000-9-30	12.949817523144588	9.577205878646442	10.420132279712107	7.58522545902111	0.504666542093861	 	 	0.0	12.949817523144588	10.420132279712107	7.000242238342608	
2000-10-1	5.7813424937054805	9.618768320961154	10.179188291869046	7.000242238342608	0.6656796907600011	 	 	0.0	5.7813424937054805	10.179188291869046	6.254245868997965	
2000-10-2	8.761389785163972	9.65955166995197	10.004361657654307	6.254245868997964	0.9187813179541128	 	 	0.0	8.761389785163972	10.004361657654307	5.25514787245921	
2000-10-3	4.650371334709463	9.69954390657875	9.882335326452848	5.25514787245921	0.9499546392488963	 	 	0.0	4.650371334709463	9.882335326452848	4.224876554625672	
2000-10-4	10.978631273879039	9.7387332449458	9.810838635359513	4.224876554625672	0.5895321568285098	Dodgy Diesel	Trevor	11.309733552923255	10.978631273879039	10.684998323252188	14.452678771996359	
2000-10-5	12.050791459999893	9.777108135775222	10.54980448047652	14.452678771996355	0.9973154823572165	 	 	0.0	12.050791459999893	10.549804480476519	13.375046611054499	
2000-10-6	12.425409959654464	9.814657269810555	10.431319382856621	13.375046611054499	0.5007315754205696	 	 	0.0	12.425409959654464	10.431319382856623	12.793998357049288	
2000-10-7	4.145546220943989	9.851369581149648	10.3335087232398	12.793998357049288	0.9053071221674106	 	 	0.0	4.145546220943989	10.3335087232398	11.808374556297236	
2000-10-8	8.258272048872081	9.88723425050584	10.251797790955552	11.808374556297236	0.9180924818640108	 	 	0.0	8.258272048872081	10.251797790955552	10.809965395848584	
2000-10-9	8.308314764425107	9.922240708396457	10.18572346093488	10.809965395848584	0.6098043099729378	 	 	0.0	8.308314764425107	10.18572346093488	10.119844407291005	
2000-10-10	7.2988021324848695	9.956378638257679	10.136508521637607	10.119844407291005	0.8641173141732437	 	 	0.0	7.2988021324848695	10.136508521637607	8.86125114917414	
2000-10-11	10.30059203873856	9.989637979484888	10.10163451830759	8.86125114917414	0.6779218600853713	 	 	0.0	10.30059203873856	10.10163451830759	8.103012610504129	
2000-10-12	11.223720310437836	10.022008930397563	10.080959237248688	8.103012610504129	0.6728919025075768	 	 	0.0	11.223720310437836	10.080959237248688	7.34980402941191	
2000-10-13	6.397538253231963	10.053481951127889	10.073093609992386	7.34980402941191	0.6735927397563304	 	 	0.0	6.397538253231963	10.073093609992386	6.59589461107094	
2000-10-14	10.37966903286667	10.0840477664322	10.076587721110434	6.59589461107094	0.6184841701512233	 	 	0.0	10.37966903286667	10.076587721110434	5.897093762335074	
2000-10-15	9.502554033126225	10.113697368424427	10.08982753757618	5.897093762335074	0.8862752439741067	 	 	0.0	9.502554033126225	10.08982753757618	4.930501839776325	
2000-10-16	8.430344516800684	10.142422019230775	10.112270936473829	4.930501839776325	0.9703643198085583	 	 	0.0	8.430344516800684	10.112270936473829	3.879820841383126	
2000-10-17	10.338866521060066	10.170213253564805	10.143692993769259	3.879820841383125	0.9862570599047431	Dodgy Diesel	Francis	11.309733552923255	10.338866521060066	10.299511494948582	14.265906080544543	
2000-10-18	5.5487490722610415	10.1970628812222	10.284058292288515	14.265906080544546	0.6882567434271579	 	 	0.0	5.5487490722610415	10.284058292288515	13.497332658532745	
2000-10-19	10.08406036323135	10.222962989494452	10.274305670506301	13.497332658532745	0.5827159926593701	 	 	0.0	10.08406036323135	10.274305670506303	12.834299987288732	
2000-10-20	12.512426779990738	10.247905945500769	10.26986836838178	12.834299987288732	0.8911089601016997	 	 	0.0	12.512426779990738	10.26986836838178	11.862874348602391	
2000-10-21	8.07794629599866	10.271884398437534	10.270235726799454	11.862874348602391	0.5127167188901646	 	 	0.0	8.07794629599866	10.270235726799454	11.269840951127586	
2000-10-22	7.1962479818412	10.294891281744604	10.274971623430874	11.269840951127586	0.752904742514995	 	 	0.0	7.1962479818412	10.274971623430874	10.43661953002795	
2000-10-23	9.733411431042926	10.316919815187868	10.28369242275626	10.43661953002795	0.6356579831470021	 	 	0.0	9.733411431042926	10.28369242275626	9.406485602937328	
2000-10-24	12.153196330158623	10.33796350685741	10.295833981618387	9.406485602937328	0.5476529016547709	 	 	0.0	12.153196330158623	10.295833981618387	8.778516022697916	
2000-10-25	6.106880109965108	10.358016155080708	10.31074076749265	8.778516022697916	0.8899034970959765	 	 	0.0	6.106880109965108	10.31074076749265	7.808295847017299	
2000-10-26	8.745022103729708	10.377071850250289	10.328618286955576	7.808295847017299	0.8295196788999051	 	 	0.0	8.745022103729708	10.328618286955576	6.898459489532754	
2000-10-27	8.687733083863522	10.39512497656532	10.3489076444543	6.898459489532754	0.7308075020555966	 	 	0.0	8.687733083863522	10.3489076444543	6.0873353088925155	
2000-10-28	8.718985886555036	10.412170213686617	10.370779443055303	6.0873353088925155	0.9735163179826163	 	 	0.0	8.718985886555036	10.370779443055303	5.033502312325258	
2000-10-29	7.3813955637085265	10.428202538304559	10.394789423409494	5.033502312325258	0.6935366875838618	 	 	0.0	7.3813955637085265	10.394789423409494	4.259648946156754	
2000-10-30	6.993159723327295	10.443217225619497	10.418717514116251	4.259648946156754	0.7344424141269514	Dodgy Diesel	Francis	11.309733552923255	6.993159723327295	7.798439525017491	14.96828228087553	
2000-10-31	8.241983225402711	10.457209850734161	8.179201648284197	14.96828228087553	0.9178391659710834	 	 	0.0	8.241983225402711	8.179201648284197	13.970126436319806	
2000-11-1	4.260223788802176	10.470176289957704	8.531421876942009	13.97012643631981	0.9560443028804028	 	 	0.0	4.260223788802176	8.531421876942009	12.933765454854768	
2000-11-2	5.130726423604966	10.482112722020974	8.856082145704779	12.933765454854768	0.902347530846233	 	 	0.0	5.130726423604966	8.856082145704779	11.951101245423894	
2000-11-3	4.925807780930406	10.493015629202652	9.151635193936139	11.951101245423894	0.9199221850421673	 	 	0.0	4.925807780930406	9.151635193936139	10.950862381797085	
2000-11-4	4.952944061252441	10.502881798365948	9.418636650069237	10.950862381797085	0.9786758220150304	 	 	0.0	4.952944061252441	9.418636650069237	9.891869881197414	
2000-11-5	9.845291224746664	10.511708321905525	9.658576288773121	9.891869881197414	0.9259765962054507	 	 	0.0	9.845291224746664	9.658576288773121	8.571417341048342	
2000-11-6	5.524754057929453	10.519492598604383	9.869798382261502	8.571417341048342	0.823118729018977	 	 	0.0	5.524754057929453	9.869798382261502	7.667981933444724	
2000-11-7	5.425461289948167	10.52623233440045	10.049869111905057	7.667981933444724	0.7413624724444811	 	 	0.0	5.425461289948167	10.049869111905057	6.846302782415601	
2000-11-8	5.9419321841607555	10.53192554306265	10.198005594299222	6.846302782415601	0.9516038718189954	 	 	0.0	5.9419321841607555	10.198005594299222	5.8143822320119645	
2000-11-9	4.258754897342615	10.53657054677626	10.320532176275284	5.8143822320119645	0.8875540240387757	 	 	0.0	4.258754897342615	10.320532176275284	4.846511529388546	
2000-11-10	6.363318233361745	10.540165976637365	10.415904221432289	4.846511529388546	0.5370258250335962	 	 	0.0	6.363318233361745	10.415904221432289	4.229169025770308	
2000-11-11	7.002016431392247	10.54271077305628	10.479012155135248	4.229169025770308	0.6163459490760809	Pristine Petroleum	Arnold	11.309733552923255	7.002016431392247	7.83518932732878	15.056009006540968	
2000-11-12	7.033428780133275	10.544204186069823	8.220854024129832	15.056009006540968	0.7209914531830969	 	 	0.0	7.033428780133275	8.220854024129832	14.254700874773228	
2000-11-13	3.141771361120176	10.544645775562323	8.570842817421413	14.254700874773228	0.7283090510700262	 	 	0.0	3.141771361120176	8.570842817421413	13.446075145118561	
2000-11-14	8.569426020474209	10.544035411395331	8.886450029285049	13.446075145118561	0.7421066154324646	 	 	0.0	8.569426020474209	8.886450029285049	12.623651851101458	
2000-11-15	8.011553689898339	10.542373273445966	9.169105892424968	12.623651851101458	0.9627200823606	 	 	0.0	8.011553689898339	9.169105892424968	11.580615090156218	
2000-11-16	3.6522507172468663	10.539659851553914	9.424789751937723	11.580615090156218	0.662011252744598	 	 	0.0	3.6522507172468663	9.424789751937723	10.838287158826981	
2000-11-17	8.892029791145445	10.535895945377057	9.646756284261244	10.838287158826981	0.9827262370586145	 	 	0.0	8.892029791145445	9.646756284261244	9.775244243183725	
2000-11-18	6.148238870528388	10.531082664155823	9.84331711174451	9.775244243183725	0.5672989648565098	 	 	0.0	6.148238870528388	9.84331711174451	8.813469334383594	
2000-11-19	4.785016699372728	10.525221426386283	10.006058083874349	8.813469334383594	0.6622765479672011	 	 	0.0	4.785016699372728	10.006058083874349	8.070876107831753	
2000-11-20	6.344483974335428	10.518313959402109	10.13958392691485	8.070876107831753	0.5253247094581058	 	 	0.0	6.344483974335428	10.13958392691485	7.465234719789004	
2000-11-21	6.89060715520509	10.510362298865525	10.244088324424151	7.465234719789006	0.6432542361638247	 	 	0.0	6.89060715520509	10.244088324424151	6.741663805040539	
2000-11-22	6.61972997430777	10.501368788167389	10.324395417930148	6.741663805040539	0.7079528420810383	 	 	0.0	6.61972997430777	10.324395417930148	5.95339428437486	
2000-11-23	3.7591975545994956	10.491336077736584	10.38340880179472	5.95339428437486	0.5507221183694636	 	 	0.0	3.7591975545994956	10.38340880179472	5.322355487420754	
2000-11-24	5.830401514118076	10.480267124258924	10.421710202237593	5.322355487420754	0.8258540384122638	 	 	0.0	5.830401514118076	10.421710202237593	4.416184770423849	
2000-11-25	8.874940932438877	10.468165189805806	10.443850590496245	4.416184770423849	0.6800906274148693	Dodgy Diesel	Trevor	11.309733552923255	8.874940932438877	9.28824111778614	14.191686484043085	
2000-11-26	8.634777462720963	10.455033840872858	9.464980642166731	14.191686484043085	0.5551306057796574	 	 	0.0	8.634777462720963	9.464980642166731	13.556239199678787	
2000-11-27	6.232713424366241	10.440876947328881	9.61992827262451	13.556239199678787	0.7735204020112554	 	 	0.0	6.232713424366241	9.61992827262451	12.702402119082892	
2000-11-28	5.992401827764233	10.425698681275389	9.756705554671283	12.702402119082894	0.6475199570103597	 	 	0.0	5.992401827764233	9.756705554671283	11.974565483487895	
2000-11-29	9.175421989232118	10.409503515817049	9.874450859361513	11.974565483487895	0.5879353361008898	 	 	0.0	9.175421989232118	9.874450859361513	11.306313468802363	
2000-11-30	9.9376733005065	10.392296223743458	9.973546077952252	11.306313468802363	0.8074663303355817	 	 	0.0	9.9376733005065	9.973546077952252	10.418530459882142	
2000-12-1	0.23963107292614683	10.37408187612257	10.056936348646435	10.418530459882142	0.5044997358913744	 	 	0.0	0.23963107292614683	10.056936348646435	9.833714045406127	
2000-12-2	5.03115191650443	10.354865840806234	10.122781003534508	9.833714045406127	0.8791757804853781	 	 	0.0	5.03115191650443	10.122781003534508	8.56006232097713	
2000-12-3	2.2080939316102617	10.334653780848258	10.17485893739403	8.56006232097713	0.5473127480290668	 	 	0.0	2.2080939316102617	10.17485893739403	7.932432894363423	
2000-12-4	2.0596053285720255	10.313451652835482	10.211622255249168	7.932432894363423	0.7380752112320982	 	 	0.0	2.0596053285720255	10.211622255249168	7.114041004546681	
2000-12-5	5.258658225347786	10.29126570513235	10.235179917153244	7.114041004546681	0.5716924466373307	 	 	0.0	5.258658225347786	10.235179917153244	6.462031879324709	
2000-12-6	1.5895352754966634	10.268102476039479	10.245900894221508	6.462031879324709	0.560072199011568	 	 	0.0	1.5895352754966634	10.245900894221508	5.821643001728499	
2000-12-7	-0.5384357413584903	10.243968791866806	10.245202501626096	5.821643001728499	0.9003100715138775	 	 	0.0	-0.5384357413584903	10.245202501626096	4.841016251629979	
2000-12-8	0.83574259312826	10.218871764921822	10.23375683220797	4.841016251629979	0.9487570970326058	 	 	0.0	0.83574259312826	10.23375683220797	3.8119424760127325	
2000-12-9	0.3809701030308048	10.192818791413568	10.211157796525201	3.8119424760127325	0.8065123299898691	Pristine Petroleum	Jeff	11.309733552923255	0.3809701030308048	2.427156115390623	14.36684765048001	
2000-12-10	4.074206251651581	10.165817549272917	3.5759858206711614	14.36684765048001	0.6865144752090208	 	 	0.0	4.074206251651581	3.575985820671161	13.600016496686347	
2000-12-11	0.020960421438105777	10.13787599588986	4.607653642787989	13.600016496686347	0.5663259862866765	 	 	0.0	0.020960421438105777	4.607653642787989	12.95337383181503	
2000-12-12	1.5111696233511231	10.109002365768433	5.517871298973324	12.953373831815028	0.991924550817889	 	 	0.0	1.5111696233511231	5.517871298973324	11.881132602412501	
2000-12-13	0.7905878982442277	10.079205168099957	6.343350381491192	11.881132602412503	0.9016197002828573	 	 	0.0	0.7905878982442277	6.343350381491192	10.899196223545005	
2000-12-14	-0.09737965425573207	10.048493184255355	7.076755475971162	10.899196223545005	0.9541508696759234	 	 	0.0	-0.09737965425573207	7.076755475971163	9.864728675284441	
2000-12-15	5.799192542609384	10.01687546519723	7.722291559221823	9.864728675284441	0.7307096882820278	 	 	0.0	5.799192542609384	7.722291559221823	8.739543043058793	
2000-12-16	0.5791573075561883	9.984361328812515	8.265433432974806	8.739543043058793	0.7889762311211167	 	 	0.0	0.5791573075561883	8.265433432974806	7.870250133353035	
2000-12-17	2.672422050141266	9.950960357166439	8.715115175476049	7.870250133353033	0.7079984209864358	 	 	0.0	2.672422050141266	8.715115175476049	7.081935033781956	
2000-12-18	3.823048320286624	9.916682393678656	9.071542780269416	7.081935033781956	0.6722522169055373	 	 	0.0	3.823048320286624	9.071542780269416	6.3293661382917765	
2000-12-19	5.265186955553512	9.881537540222338	9.340491417016018	6.3293661382917765	0.6937590706288266	 	 	0.0	5.265186955553512	9.340491417016018	5.5552903890783085	
2000-12-20	2.11702509847898	9.845536154147114	9.531608888661614	5.5552903890783085	0.8369734177628754	 	 	0.0	2.11702509847898	9.531608888661614	4.638000292730791	
2000-12-21	2.7729055745283264	9.808688845226701	9.657224614876824	4.638000292730791	0.5549213454731352	 	 	0.0	2.7729055745283264	9.657224614876824	4.002762268673013	
2000-12-22	2.080463798941629	9.77100647253217	9.717002922803637	4.002762268673013	0.9618512968680625	Pristine Petroleum	Jeff	11.309733552923255	2.080463798941629	3.6828895098393692	14.423202821202345	
2000-12-23	2.124326752277406	9.732500141231709	4.578628941446872	14.423202821202345	0.8438047907905646	 	 	0.0	2.124326752277406	4.578628941446872	13.49908135182714	
2000-12-24	2.048390661832812	9.693181199317898	5.389799663653513	13.49908135182714	0.6474308254721897	 	 	0.0	2.048390661832812	5.389799663653513	12.77133384777031	
2000-12-25	-0.5961986382344988	9.65306123426339	6.106099331719214	12.771333847770308	0.5767303933799278	 	 	0.0	-0.5961986382344988	6.106099331719214	12.11428677580574	
2000-12-26	4.320576383196759	9.612152069606035	6.728469601995582	12.11428677580574	0.6450299241396942	 	 	0.0	4.320576383196759	6.728469601995583	11.388940173081405	
2000-12-27	3.356377317342305	9.570465761464426	7.266374158383311	11.388940173081403	0.5671640188374706	 	 	0.0	3.356377317342305	7.266374158383312	10.74145947565929	
2000-12-28	-1.885660254101773	9.528014594984914	7.721286614808005	10.74145947565929	0.9672474836846359	 	 	0.0	-1.885660254101773	7.721286614808005	9.379736048031035	
2000-12-29	3.2545380685674505	9.484811080721107	8.11582240221783	9.379736048031035	0.9283177118081295	 	 	0.0	3.2545380685674505	8.11582240221783	8.371101657638265	
2000-12-30	-1.095821240012167	9.44086795094696	8.448125263502101	8.371101657638265	0.7727134913675204	 	 	0.0	-1.095821240012167	8.448125263502101	7.518071487686103	
2000-12-31	-0.23732327336268175	9.396198155904514	8.712964034465461	7.518071487686103	0.6043010204209041	 	 	0.0	-0.23732327336268175	8.712964034465461	6.833453788680559	