Date	Air temperature	Underground temperature	Fuel temperature (start of day)	Fuel volume (start of day)	Amount of sales	Supplier name	Driver name	Refill volume	Refill temperature	Fuel temperature (end of day)	Fuel volume (end of day)
2000-1-1	-4.013650562906587	9.350814859987402	9.350814859987402	14.69296224946469	0.8308875220202596	 	 	0.0	-4.013650562906587	9.350814859987402	13.862074727444433	
2000-1-2	-1.523247336619308	9.304731437861237	9.344015781864591	13.862074727444433	0.5271279867086925	 	 	0.0	-1.523247336619308	9.344015781864591	13.33494674073574	
2000-1-3	-7.286353107627711	9.257961470522037	9.330831819227921	13.33494674073574	0.9396351156187704	 	 	0.0	-7.286353107627711	9.330831819227921	12.39531162511697	
2000-1-4	-7.678708228935939	9.210518741293853	9.311044504420968	12.39531162511697	0.8695040097964402	 	 	0.0	-7.678708228935939	9.311044504420968	11.525807615320529	
2000-1-5	-6.302377131796358	9.162417231766746	9.284816875365397	11.525807615320529	0.6270861242830192	 	 	0.0	-6.302377131796358	9.284816875365397	10.898721491037508	
2000-1-6	-3.981594535183636	9.113671117676358	9.252938261325161	10.898721491037506	0.5876962004471427	 	 	0.0	-3.981594535183636	9.252938261325161	10.311025290590363	
2000-1-7	-8.051098628337977	9.064294764726249	9.215871374983175	10.311025290590363	0.939237992938741	 	 	0.0	-8.051098628337977	9.215871374983175	9.371787297651622	
2000-1-8	-6.152288553387904	9.014302724354273	9.172454520559969	9.371787297651622	0.8463383172625681	 	 	0.0	-6.152288553387904	9.172454520559969	8.525448980389054	
2000-1-9	-1.9241445550765395	8.963709729444188	9.123224482258278	8.525448980389054	0.8700689397096337	 	 	0.0	-1.9241445550765395	9.123224482258278	7.655380040679421	
2000-1-10	-4.300830378418205	8.912530689983813	9.0681618942163	7.655380040679421	0.965468850942139	 	 	0.0	-4.300830378418205	9.068161894216301	6.689911189737281	
2000-1-11	-7.044966006446265	8.860780688670982	9.006574637662704	6.689911189737281	0.911469123379297	 	 	0.0	-7.044966006446265	9.006574637662704	5.778442066357985	
2000-1-12	-3.226954720860963	8.808474976468617	8.93905068611078	5.778442066357985	0.5570916445151781	 	 	0.0	-3.226954720860963	8.93905068611078	5.221350421842808	
2000-1-13	-1.2899288445856782	8.755628968110182	8.870324292085566	5.221350421842808	0.6771832630938196	 	 	0.0	-1.2899288445856782	8.870324292085566	4.544167158748988	
2000-1-14	-4.279804681294557	8.702258237556899	8.798708565378076	4.544167158748988	0.7921847523854381	 	 	0.0	-4.279804681294557	8.798708565378076	3.7519824063635494	
2000-1-15	-3.4710877803061617	8.648378513408035	8.722395110747538	3.7519824063635494	0.8079007705745314	Dodgy Diesel	Francis	11.309733552923255	-3.4710877803061617	-0.6310757280342493	13.91382561121092	
2000-1-16	-1.9952793848369448	8.594005674265599	0.7101560311502685	13.913825611210921	0.6084974137094431	 	 	0.0	-1.9952793848369448	0.7101560311502685	13.30532819750148	
2000-1-17	-5.061655426166455	8.539155744054854	1.9007553999471356	13.30532819750148	0.7871321426398878	 	 	0.0	-5.061655426166455	1.9007553999471356	12.518196054861589	
2000-1-18	-4.736928343412013	8.483844887301991	2.9643416044379842	12.518196054861589	0.5317978655030852	 	 	0.0	-4.736928343412013	2.964341604437984	11.986398189358503	
2000-1-19	-2.076383553111014	8.428089404370374	3.8861055463090617	11.986398189358503	0.5767786793385673	 	 	0.0	-2.076383553111014	3.8861055463090617	11.409619510019937	
2000-1-20	-4.475909795589263	8.371905726656731	4.68069626160815	11.409619510019937	0.9604980303693772	 	 	0.0	-4.475909795589263	4.68069626160815	10.357254125421251	
2000-1-21	-2.3036185398405475	8.315310411748769	5.388195793665021	10.357254125421251	0.5961559038002979	 	 	0.0	-2.3036185398405475	5.388195793665021	9.669230867391644	
2000-1-22	-5.126924949594261	8.258320138545558	5.985575877584155	9.669230867391644	0.5156616759509147	 	 	0.0	-5.126924949594261	5.985575877584155	9.061701837211423	
2000-1-23	-2.7406703838648547	8.200951702342193	6.476652122449955	9.061701837211423	0.6116999192140251	 	 	0.0	-2.7406703838648547	6.476652122449955	8.358134563768088	
2000-1-24	-5.23238239342539	8.143222009880144	6.876015614307928	8.358134563768088	0.8426685110324386	 	 	0.0	-5.23238239342539	6.876015614307928	7.394098050902411	
2000-1-25	-3.10352649930426	8.085148074364755	7.201806323234451	7.394098050902409	0.551333208872528	 	 	0.0	-3.10352649930426	7.201806323234451	6.648275923352409	
2000-1-26	-4.768620232353713	8.026747010451375	7.447733319968832	6.648275923352409	0.9936166045279535	 	 	0.0	-4.768620232353713	7.447733319968832	5.361425664243642	
2000-1-27	-0.8722249811343925	7.968036029201603	7.637620109113016	5.361425664243642	0.5918202891683423	 	 	0.0	-0.8722249811343925	7.637620109113016	4.398105846453749	
2000-1-28	-0.4771939628472493	7.909032433011087	7.756640673975356	4.398105846453749	0.9430228153483576	Dodgy Diesel	Trevor	11.309733552923255	-0.4771939628472493	1.4816015304905217	14.200647535553303	
2000-1-29	-6.461658465583221	7.8497536105104535	2.3913757579665136	14.200647535553303	0.7008795665317327	 	 	0.0	-6.461658465583221	2.3913757579665136	13.128268440400022	
2000-1-30	-2.2892285765629254	7.790217031440776	3.2247079392980247	13.128268440400022	0.8295506304252287	 	 	0.0	-2.2892285765629254	3.2247079392980242	11.927218281353243	
2000-1-31	-3.8190978499502326	7.73044024150518	3.988722445760989	11.927218281353243	0.5486456383308854	 	 	0.0	-3.8190978499502326	3.9887224457609887	11.007073114400804	
2000-2-1	-4.9372979372676475	7.670440857198027	4.66400014478317	11.007073114400804	0.8739263329003291	 	 	0.0	-4.9372979372676475	4.66400014478317	9.761647252878921	
2000-2-2	0.48482135185196534	7.61023656061327	5.2711505341544305	9.761647252878921	0.8044008366503088	 	 	0.0	0.48482135185196534	5.2711505341544305	8.489023469091943	
2000-2-3	-4.173962765764232	7.5498450942334445	5.808427780356225	8.489023469091943	0.7685242131547684	 	 	0.0	-4.173962765764232	5.808427780356225	7.252276308800503	
2000-2-4	0.15520021788044458	7.489284255700888	6.269182983877196	7.252276308800503	0.5688254046153266	 	 	0.0	0.15520021788044458	6.269182983877196	6.215227957048508	
2000-2-5	-2.571034089988805	7.428571892572686	6.637104462386007	6.215227957048508	0.7856783009280003	 	 	0.0	-2.571034089988805	6.637104462386007	4.961326708983837	
2000-2-6	-4.345392953787575	7.367725897060919	6.9234385950503565	4.961326708983837	0.7661902052675839	 	 	0.0	-4.345392953787575	6.9234385950503565	3.7269135565795835	
2000-2-7	-3.9728947095506046	7.306764200759745	7.1188082117112685	3.7269135565795835	0.8711409614453978	Dodgy Diesel	Francis	11.309733552923255	-3.9728947095506046	-1.6584121122988018	12.908279730159816	
2000-2-8	-2.1761386251720016	7.2457047693608745	-0.26750508861071265	12.908279730159814	0.7263733286475382	 	 	0.0	-2.1761386251720016	-0.26750508861071265	11.713683454375605	
2000-2-9	-1.5541888205018113	7.184565597359	1.013460175024508	11.713683454375603	0.536478633992312	 	 	0.0	-1.5541888205018113	1.013460175024508	10.70898187324662	
2000-2-10	-3.320789107007212	7.123364702748735	2.160432436356234	10.70898187324662	0.6849461063589987	 	 	0.0	-3.320789107007212	2.160432436356234	9.52919283915602	
2000-2-11	-5.540673631478874	7.062120121714632	3.191378425329015	9.52919283915602	0.5030282878304901	 	 	0.0	-5.540673631478874	3.191378425329015	8.531321623593927	
2000-2-12	-3.3177812791229364	7.000849903315829	4.083271782739715	8.531321623593927	0.5659003948336381	 	 	0.0	-3.3177812791229364	4.083271782739715	7.470578301028688	
2000-2-13	-4.142559480312133	6.939572104166917	4.843032545888421	7.470578301028688	0.5810973596160557	 	 	0.0	-4.142559480312133	4.843032545888421	6.394638013681028	
2000-2-14	-2.98368011421107	6.878304783116566	5.470827138214432	6.394638013681028	0.6131009674998465	 	 	0.0	-2.98368011421107	5.470827138214432	5.286694118449581	
2000-2-15	-3.29754007853565	6.817065995925503	5.967524458065701	5.286694118449581	0.9607542762895251	 	 	0.0	-3.29754007853565	5.967524458065701	3.8310969144284526	
2000-2-16	-4.416373249774312	6.755873789945397	6.358982496923192	3.8310969144284526	0.6987254598816511	Dodgy Diesel	Trevor	11.309733552923255	-4.416373249774312	-2.104140278209094	13.706598741217178	
2000-2-17	-1.5960999729669654	6.6947461988002175	-0.8081635285587216	13.706598741217178	0.6247844053407571	 	 	0.0	-1.5960999729669654	-0.8081635285587216	12.586971408144818	
2000-2-18	-5.555824545843525	6.63370123707165	0.3842308650597379	12.586971408144818	0.9407379916209697	 	 	0.0	-5.555824545843525	0.3842308650597379	11.080119570967769	
2000-2-19	-4.831876961326021	6.572756894990106	1.5075820027394977	11.080119570967769	0.9944470755169432	 	 	0.0	-4.831876961326021	1.5075820027394977	9.519558649894746	
2000-2-20	-1.275797155086983	6.51193113313293	2.560385123758821	9.519558649894746	0.7714004565296717	 	 	0.0	-1.275797155086983	2.560385123758821	8.182044347808997	
2000-2-21	-0.5135801276312576	6.451241877131328	3.507804071059647	8.182044347808997	0.5774379160676727	 	 	0.0	-0.5135801276312576	3.507804071059647	7.038492586185247	
2000-2-22	1.3068214179903543	6.390707012387605	4.318748499671486	7.038492586185247	0.6770876140808014	 	 	0.0	1.3068214179903543	4.318748499671486	5.795291126548366	
2000-2-23	-1.6720298730365097	6.33034437880425	4.9990021760375	5.795291126548366	0.6809869514727337	 	 	0.0	-1.6720298730365097	4.9990021760375	4.548190329519555	
2000-2-24	-3.4529378503352404	6.2701717655264435	5.537906745664493	4.548190329519555	0.685601021668827	Dodgy Diesel	Francis	11.309733552923255	-3.4529378503352404	-1.1758103032903906	14.155630170342713	
2000-2-25	-1.042956626966311	6.210206905699508	-0.1204478203370114	14.155630170342713	0.7074407119927444	 	 	0.0	-1.042956626966311	-0.1204478203370114	12.882075612793889	
2000-2-26	-1.4227258843914588	6.150467471242868	0.8627250108045623	12.882075612793889	0.8390483111183663	 	 	0.0	-1.4227258843914588	0.8627250108045624	11.476913456119442	
2000-2-27	-5.719663839944842	6.09097106764206	1.7805065243878189	11.476913456119442	0.7998120945962717	 	 	0.0	-5.719663839944842	1.7805065243878189	10.110987515967095	
2000-2-28	-4.704669208633424	6.03173522876031	2.6247365264008993	10.110987515967095	0.8129052105184033	 	 	0.0	-4.704669208633424	2.6247365264008993	8.731968459892611	
2000-2-29	0.6783760520466088	5.972777411671226	3.390869490733733	8.731968459892611	0.8859154531280389	 	 	0.0	0.6783760520466088	3.390869490733733	7.279939161208495	
2000-3-1	6.267299906083335	5.914114991514117	4.078202350636639	7.279939161208495	0.5219925396346942	 	 	0.0	6.267299906083335	4.078202350636639	6.191832776017722	
2000-3-2	3.382795606156071	5.855765256373461	4.642929695034108	6.191832776017722	0.6767392673388427	 	 	0.0	3.382795606156071	4.642929695034108	4.948979663122801	
2000-3-3	3.4316161663827924	5.797745402184026	5.095553597577537	4.948979663122801	0.9180462336077906	 	 	0.0	3.4316161663827924	5.095553597577537	3.4648195839589313	
2000-3-4	6.887345507269757	5.740072527663149	5.445689233403934	3.4648195839589313	0.6450130414273088	Pristine Petroleum	Jeff	11.309733552923255	6.887345507269757	6.612473096207926	13.461609655261757	
2000-3-5	7.153576809499416	5.682763629271668	6.47176728740967	13.461609655261757	0.6889001813836725	 	 	0.0	7.153576809499416	6.47176728740967	12.17503318413491	
2000-3-6	4.871468793578247	5.625835596204983	6.330650220336992	12.175033184134909	0.8287896004160722	 	 	0.0	4.871468793578247	6.330650220336992	10.748567293975665	
2000-3-7	3.542158572688232	5.569305205415735	6.187396213490985	10.748567293975665	0.9889861781352549	 	 	0.0	3.542158572688232	6.187396213490985	9.161904826097238	
2000-3-8	2.6352618194893607	5.513189116669562	6.039481819624008	9.161904826097238	0.5977614014460829	 	 	0.0	2.6352618194893607	6.039481819624008	7.885286452731171	
2000-3-9	3.0116145836806822	5.457503867635387	5.892120787312624	7.885286452731171	0.5076710394345952	 	 	0.0	3.0116145836806822	5.892120787312624	6.698758441376592	
2000-3-10	2.03831019844907	5.402265869011691	5.747338756566412	6.698758441376593	0.7718918988410377	 	 	0.0	2.03831019844907	5.747338756566412	5.248009570615571	
2000-3-11	7.469639163334115	5.3474913996902105	5.598755995989752	5.248009570615571	0.7923311205565304	 	 	0.0	7.469639163334115	5.598755995989752	3.7768214781390568	
2000-3-12	1.7797166270289624	5.293196601958464	5.445114146445424	3.7768214781390568	0.597677661444202	Dodgy Diesel	Trevor	11.309733552923255	1.7797166270289624	2.5398950685553423	13.533588927561182	
2000-3-13	1.8127157284268842	5.239397476742557	2.94450758236292	13.533588927561182	0.771935246701144	 	 	0.0	1.8127157284268842	2.94450758236292	12.08279670894005	
2000-3-14	6.423483166376372	5.18610987889162	3.31974630242395	12.082796708940048	0.7769013417382125	 	 	0.0	6.423483166376372	3.31974630242395	10.627038395281852	
2000-3-15	4.654046108869497	5.133349512505332	3.6636095001790396	10.627038395281849	0.9962402249836263	 	 	0.0	4.654046108869497	3.6636095001790396	8.95194119837824	
2000-3-16	5.845664936507099	5.081131926305831	3.9807046858387416	8.95194119837824	0.966148232316852	 	 	0.0	5.845664936507099	3.9807046858387416	7.306935994141405	
2000-3-17	4.166834369868499	5.029472509055449	4.265572638404094	7.306935994141403	0.896490268909272	 	 	0.0	4.166834369868499	4.265572638404094	5.731588753312148	
2000-3-18	2.137217517943594	4.97838648502156	4.509117602846586	5.731588753312148	0.8229566091808973	 	 	0.0	2.137217517943594	4.509117602846586	4.2297751722112675	
2000-3-19	1.5341972121317253	4.927888909489932	4.698795559241957	4.2297751722112675	0.5382279708722859	Pristine Petroleum	Arnold	11.309733552923255	1.5341972121317253	2.2740068863027827	14.154421336092174	
2000-3-20	2.58601114957375	4.877994664327853	2.6475298905486353	14.154421336092174	0.7951728257007038	 	 	0.0	2.58601114957375	2.6475298905486357	12.668708315361501	
2000-3-21	8.40209579892151	4.828718453598386	2.996154673160818	12.668708315361501	0.5600624086183219	 	 	0.0	8.40209579892151	2.996154673160818	11.41810571171321	
2000-3-22	7.148395602932144	4.780074799227007	3.3116111049604084	11.41810571171321	0.741581664482724	 	 	0.0	7.148395602932144	3.3116111049604084	9.985983852200516	
2000-3-23	2.362458742875049	4.732078036721932	3.597577040350951	9.985983852200516	0.5458595848780926	 	 	0.0	2.362458742875049	3.597577040350951	8.749584072292453	
2000-3-24	2.7538448461108422	4.684742310949372	3.8461407287854694	8.749584072292453	0.5891979573202121	 	 	0.0	2.7538448461108422	3.84614072878547	7.469845919942274	
2000-3-25	6.528299438056258	4.638081571964983	4.056757186794153	7.469845919942274	0.7004018370859041	 	 	0.0	6.528299438056258	4.056757186794153	6.000094847418481	
2000-3-26	2.688410633994397	4.592109570902711	4.231939149435525	6.000094847418481	0.551583514462797	 	 	0.0	2.688410633994397	4.231939149435525	4.679162097517796	
2000-3-27	3.049314078469901	4.546839855922282	4.361877504608208	4.679162097517796	0.6805256793310823	Pristine Petroleum	Josh	11.309733552923255	3.049314078469901	3.365572991230717	14.316364854363385	
2000-3-28	3.0000959499567	4.502285768216483	3.5270247843606506	14.316364854363385	0.9532780800819805	 	 	0.0	3.0000959499567	3.5270247843606506	12.520430778244597	
2000-3-29	6.01303566353922	4.458460438079462	3.677755144435875	12.520430778244597	0.531701465429581	 	 	0.0	6.01303566353922	3.677755144435875	11.146073316778208	
2000-3-30	3.869422666289235	4.415376781037168	3.81136851789001	11.146073316778208	0.8628238629684604	 	 	0.0	3.869422666289235	3.81136851789001	9.440593457772941	
2000-3-31	2.4677652038193645	4.373047494041082	3.9307861799878294	9.440593457772941	0.862377945543541	 	 	0.0	2.4677652038193645	3.9307861799878294	7.735559516192592	
2000-4-1	3.6840566417419356	4.331485051726371	4.033875363735202	7.735559516192592	0.9704469517891822	 	 	0.0	3.6840566417419356	4.033875363735202	5.922456568366602	
2000-4-2	3.1510984940296027	4.290701702735555	4.118947999906539	5.922456568366602	0.660284045644536	 	 	0.0	3.1510984940296027	4.118947999906539	4.407551720713928	
2000-4-3	7.4725927580485765	4.250709466108774	4.176390121703211	4.407551720713928	0.8469742683540732	Pristine Petroleum	Jeff	11.309733552923255	7.4725927580485765	6.774222234090634	13.843480295900969	
2000-4-4	5.128747063834896	4.211520127741725	6.39671334369594	13.843480295900969	0.8089713653003063	 	 	0.0	5.128747063834896	6.39671334369594	12.102211156227478	
2000-4-5	6.53482256227917	4.173145236912301	6.023649189681163	12.102211156227478	0.9262513798677848	 	 	0.0	6.53482256227917	6.023649189681164	10.243662001986507	
2000-4-6	4.991268144223914	4.13559610287697	5.651648060583694	10.243662001986507	0.583224896258489	 	 	0.0	4.991268144223914	5.651648060583694	8.728139331354836	
2000-4-7	7.095755613713165	4.098883791537878	5.294987022255452	8.728139331354836	0.752529056677203	 	 	0.0	7.095755613713165	5.294987022255452	7.043312500304447	
2000-4-8	2.4663433596065967	4.063019122181686	4.94798054816137	7.043312500304447	0.8353882768037441	 	 	0.0	2.4663433596065967	4.94798054816137	5.275626449127519	
2000-4-9	6.53077582858068	4.028012664291069	4.608090143315742	5.275626449127519	0.9704218445761175	Dodgy Diesel	Francis	11.309733552923255	6.53077582858068	6.047685995003407	14.576390757969271	
2000-4-10	4.612473161631435	3.9938747344298453	5.760192053251924	14.576390757969273	0.7972736075646413	 	 	0.0	4.612473161631435	5.760192053251924	12.846819376031446	
2000-4-11	9.110300894031374	3.960615393202637	5.475453590835763	12.846819376031444	0.5364912572235129	 	 	0.0	9.110300894031374	5.475453590835764	11.378030344434745	
2000-4-12	2.638202217210805	3.9282444422899623	5.2001694271969825	11.378030344434745	0.7227965263326395	 	 	0.0	2.638202217210805	5.2001694271969825	9.722936043728922	
2000-4-13	2.770586786217376	3.8967714215596354	4.930380962318576	9.722936043728922	0.7610399251389748	 	 	0.0	2.770586786217376	4.930380962318576	8.029598344216764	
2000-4-14	3.2053168510925345	3.8662056062553254	4.665869610833924	8.029598344216764	0.6502304604615126	 	 	0.0	3.2053168510925345	4.665869610833924	6.447070109382065	
2000-4-15	4.972323433855433	3.8365560042630986	4.412074242361291	6.447070109382065	0.7244381672369546	 	 	0.0	4.972323433855433	4.412074242361291	4.790334167771926	
2000-4-16	5.592208410543342	3.8078313534567507	4.168049341743308	4.790334167771926	0.6231956706413633	Dodgy Diesel	Trevor	11.309733552923255	5.592208410543342	5.240401465800796	13.882316215473272	
2000-4-17	6.203763236177747	3.78004011912272	5.0262272044976095	13.882316215473272	0.820802010845318	 	 	0.0	6.203763236177747	5.0262272044976095	12.001057912701725	
2000-4-18	2.8356895589893987	3.7531904914653254	4.811223341875374	12.001057912701725	0.558292066446507	 	 	0.0	2.8356895589893987	4.811223341875374	10.351507797465452	
2000-4-19	2.1997865666960394	3.7272903831930746	4.600085847203825	10.351507797465452	0.9464777944796968	 	 	0.0	2.1997865666960394	4.600085847203825	8.313771954195987	
2000-4-20	2.487279811448605	3.702347427186756	4.384311205739735	8.313771954195987	0.871383695193496	 	 	0.0	2.487279811448605	4.384311205739735	6.29660487512175	
2000-4-21	4.128546327862413	3.6783689742499917	4.163476237029575	6.29660487512175	0.8334088511497871	 	 	0.0	4.128546327862413	4.163476237029575	4.317412640091223	
2000-4-22	3.5109934650862518	3.655362090942922	3.9377053777575917	4.317412640091223	0.616735480124277	Dodgy Diesel	Francis	11.309733552923255	3.5109934650862518	3.606790872871733	12.716027312355935	
2000-4-23	6.4114238929747485	3.6333335574996575	3.6110224184724387	12.716027312355935	0.638906815929036	 	 	0.0	6.4114238929747485	3.611022418472439	10.931337112546156	
2000-4-24	3.7973027021054495	3.612289865830115	3.611256343571099	10.931337112546156	0.9717912300952278	 	 	0.0	3.7973027021054495	3.6112563435710987	8.813762498570188	
2000-4-25	2.5622424803563186	3.592237217606817	3.6069381792276274	8.813762498570188	0.5350127718031216	 	 	0.0	2.5622424803563186	3.6069381792276274	7.132966342886324	
2000-4-26	5.162169564637242	3.5731815224372365	3.597560891534558	7.132966342886324	0.8235120136303844	 	 	0.0	5.162169564637242	3.597560891534558	5.152371687907314	
2000-4-27	7.99097573066913	3.5551283961222047	3.581558907648337	5.152371687907314	0.8040410692970579	Pristine Petroleum	Earl	11.309733552923255	7.99097573066913	6.924960641519593	14.412908010224974	
2000-4-28	2.7894458647992924	3.5380831590009088	6.445159411512347	14.412908010224974	0.6264735201456082	 	 	0.0	2.7894458647992924	6.445159411512347	12.62595138713991	
2000-4-29	5.677763763290028	3.5220508343829664	5.974442149350442	12.62595138713991	0.8541970457793577	 	 	0.0	5.677763763290028	5.974442149350442	10.611271238421097	
2000-4-30	3.0187280360751587	3.5070361470680287	5.5045670473401165	10.611271238421097	0.6280908936340199	 	 	0.0	3.0187280360751587	5.5045670473401165	8.82269724184762	
2000-5-1	8.134960899669528	3.4930435219533646	5.0473501427882415	8.82269724184762	0.8326108137528504	 	 	0.0	8.134960899669528	5.0473501427882415	6.829603325155316	
2000-5-2	10.246300759346044	3.480077082729821	4.59294992467124	6.829603325155316	0.9801373187065828	 	 	0.0	10.246300759346044	4.59294992467124	4.688982903509278	
2000-5-3	6.386568217158124	3.4681406506665513	4.129529678799395	4.688982903509278	0.8933494054834429	Pristine Petroleum	Josh	11.309733552923255	6.386568217158124	5.909496701105343	13.817317015019528	
2000-5-4	6.7095552986731235	3.457237743484874	5.547938581746136	13.817317015019528	0.875597901526454	 	 	0.0	6.7095552986731235	5.547938581746136	11.761710559161338	
2000-5-5	7.3971034437062135	3.4473715743215774	5.1859739644093334	11.761710559161338	0.9898306851348061	 	 	0.0	7.3971034437062135	5.1859739644093334	9.591871319694798	
2000-5-6	7.065234963203324	3.4385450507819995	4.819531176270007	9.591871319694798	0.9474240542720214	 	 	0.0	7.065234963203324	4.819531176270007	7.46443871109104	
2000-5-7	9.452275309928327	3.430760774083142	4.449535368984877	7.46443871109104	0.9190832262137527	 	 	0.0	9.452275309928327	4.449535368984877	5.365346930545552	
2000-5-8	3.8062994064498787	3.4240210382870755	4.076765502176744	5.365346930545551	0.6462170335662654	 	 	0.0	3.8062994064498787	4.076765502176744	3.5391213426475496	
2000-5-9	8.116505676981161	3.418327829624875	3.7262339537751603	3.5391213426475505	0.7151468224638501	Dodgy Diesel	Francis	11.309733552923255	8.116505676981161	7.401481523679683	12.081565535085335	
2000-5-10	7.912360687060054	3.4136828259112657	6.730564077312449	12.081565535085337	0.9040105954177634	 	 	0.0	7.912360687060054	6.730564077312449	9.99754638533584	
2000-5-11	2.5554372900196136	3.4100873960501614	6.060302889330326	9.99754638533584	0.8343596454050197	 	 	0.0	2.5554372900196136	6.060302889330326	7.983178185599083	
2000-5-12	3.219130264383312	3.4075425996312454	5.396445455866836	7.983178185599083	0.8152160943564466	 	 	0.0	3.219130264383312	5.396445455866836	5.9879535369109025	
2000-5-13	6.929466924530498	3.4060491866177016	4.742924263791501	5.9879535369109025	0.7000945177436733	 	 	0.0	6.929466924530498	4.742924263791501	4.011416043794036	
2000-5-14	3.635775002915898	3.4056075971252016	4.106963237776608	4.011416043794036	0.8178243506232814	Pristine Petroleum	Arnold	11.309733552923255	3.635775002915898	3.716355634430669	13.084770127589248	
2000-5-15	5.97500191434942	3.4062179612921946	3.6682597393261043	13.084770127589248	0.5370047035893445	 	 	0.0	5.97500191434942	3.668259739326104	11.271322448626707	
2000-5-16	5.615613912080693	3.4078800992415594	3.621601579579109	11.271322448626707	0.5742381471526504	 	 	0.0	5.615613912080693	3.621601579579109	9.420641326100863	
2000-5-17	3.0393940760348577	3.4105935211336127	3.5766576605701066	9.420641326100863	0.7608504388106826	 	 	0.0	3.0393940760348577	3.5766576605701066	7.383347911916989	
2000-5-18	4.731535108675702	3.4143574273104687	3.533026450540315	7.383347911916989	0.9939740932456774	 	 	0.0	4.731535108675702	3.5330264505403153	5.062444647442199	
2000-5-19	11.797069696309968	3.4191707085317016	3.489384125566597	5.062444647442199	0.8696339471109777	Pristine Petroleum	Arnold	11.309733552923255	11.797069696309968	9.936340912904862	14.135196999371159	
2000-5-20	10.288003191586975	3.425031946301242	8.993125646129084	14.13519699937116	0.7750662907116058	 	 	0.0	10.288003191586975	8.993125646129084	11.97702779219298	
2000-5-21	8.124189880101325	3.431939413285417	8.047916110160738	11.97702779219298	0.6184592956082291	 	 	0.0	8.124189880101325	8.047916110160738	9.975465580118176	
2000-5-22	8.133151939899857	3.4398910738220008	7.114407870247936	9.975465580118176	0.5161684536852262	 	 	0.0	8.133151939899857	7.114407870247936	8.076194209966372	
2000-5-23	3.830266492127949	3.448884584520137	6.206125566363425	8.076194209966372	0.6880884649346461	 	 	0.0	3.830266492127949	6.206125566363425	6.0050028285651535	
2000-5-24	8.695991264702934	3.4589172949509406	5.305713177341431	6.0050028285651535	0.6136475757548889	 	 	0.0	8.695991264702934	5.305713177341431	4.008252336343691	
2000-5-25	6.651599467831644	3.4699862484286004	4.431560068894138	4.008252336343691	0.8105541569753953	Pristine Petroleum	Arnold	11.309733552923255	6.651599467831644	6.287074082785311	13.01958093025715	
2000-5-26	7.3290638310361755	3.48208818288172	5.8487178563360125	13.01958093025715	0.8895369163872586	 	 	0.0	7.3290638310361755	5.8487178563360125	10.746941097403315	
2000-5-27	6.083477975796242	3.495219531814668	5.406057592884746	10.746941097403315	0.5892304299136996	 	 	0.0	6.083477975796242	5.406057592884746	8.77460775102304	
2000-5-28	9.293426749351855	3.5093764253586426	4.972728514120093	8.77460775102304	0.5768872483122538	 	 	0.0	9.293426749351855	4.972728514120093	6.814617586244212	
2000-5-29	7.128640825299112	3.524554691412137	4.552019821638537	6.814617586244212	0.5950296370133022	 	 	0.0	7.128640825299112	4.552019821638537	4.836485032764336	
2000-5-30	11.386185724270463	3.5407498568704767	4.147161959624149	4.836485032764336	0.9964685480004185	Dodgy Diesel	Trevor	11.309733552923255	11.386185724270463	9.92706834816372	13.721064951870405	
2000-5-31	9.761872156962264	3.557957148944068	8.9773780142228	13.721064951870405	0.5387140359348559	 	 	0.0	9.761872156962264	8.9773780142228	11.799247999468973	
2000-6-1	11.821100248489467	3.5761714965649545	8.045982901505333	11.799247999468973	0.7902863480565756	 	 	0.0	11.821100248489467	8.045982901505333	9.625858734945822	
2000-6-2	8.00500265398658	3.5953875318812907	7.112887645931519	9.625858734945822	0.8868709317265863	 	 	0.0	8.00500265398658	7.112887645931519	7.35588488675266	
2000-6-3	10.365539726842393	3.6155995918392674	6.1656726568385825	7.355884886752662	0.717019013176761	 	 	0.0	10.365539726842393	6.1656726568385825	5.216890667546831	
2000-6-4	9.873414532247965	3.6368017198520435	5.220290501621333	5.216890667546831	0.5895810334641794	Pristine Petroleum	Josh	11.309733552923255	9.873414532247965	8.746914615786629	14.450513667492	
2000-6-5	7.576938857286848	3.6589876675551762	8.026504860872773	14.450513667492002	0.5040565554144624	 	 	0.0	7.576938857286848	8.026504860872773	12.52448190604847	
2000-6-6	8.75414241566196	3.682150896648046	7.320183111332495	12.52448190604847	0.670717896587471	 	 	0.0	8.75414241566196	7.320183111332495	10.43178880343193	
2000-6-7	7.901035389613849	3.706284580820721	6.619515330776049	10.43178880343193	0.9772026069449373	 	 	0.0	7.901035389613849	6.619515330776049	8.03261099045792	
2000-6-8	11.486486585372385	3.7313816077657025	5.900553172252796	8.03261099045792	0.7252143214403601	 	 	0.0	11.486486585372385	5.900553172252797	5.885421462988491	
2000-6-9	12.082237945965646	3.7574345812739565	5.1849848798681535	5.885421462988491	0.9006531451421079	 	 	0.0	12.082237945965646	5.1849848798681535	3.5627931118173115	
2000-6-10	10.99777881120294	3.784435823414608	4.442935717084392	3.5627931118173106	0.5523923831619056	Pristine Petroleum	Josh	11.309733552923255	10.99777881120294	10.019529660505677	12.847699666138606	
2000-6-11	16.6280451320845	3.8123773767976643	9.032808810598915	12.847699666138606	0.554208301184418	 	 	0.0	16.6280451320845	9.032808810598915	10.871516158925115	
2000-6-12	10.104924194995155	3.841251006919093	8.06373371758217	10.871516158925115	0.573370585680513	 	 	0.0	10.104924194995155	8.06373371758217	8.876170367215531	
2000-6-13	7.900728420651127	3.8710482045875687	7.113548487963349	8.876170367215531	0.5990133863235466	 	 	0.0	7.900728420651127	7.113548487963349	6.8551817748629125	
2000-6-14	15.680613669671052	3.9017601884321707	6.183514113723449	6.8551817748629125	0.9610917032068441	 	 	0.0	15.680613669671052	6.183514113723449	4.472114865626997	
2000-6-15	10.271587044650152	3.933377907490295	5.213374151919433	4.472114865626997	0.717663775862678	Pristine Petroleum	Josh	11.309733552923255	10.271587044650152	9.286995311465029	13.58264253145952	
2000-6-16	7.472708632311357	3.96589204387501	8.486280759657664	13.58264253145952	0.7812628317199831	 	 	0.0	7.472708632311357	8.486280759657664	11.379404493710465	
2000-6-17	12.28307286545222	3.999293015521086	7.685363717284803	11.379404493710465	0.7911851772605364	 	 	0.0	12.28307286545222	7.685363717284803	9.166244110420859	
2000-6-18	9.237592701561285	4.03357097900887	6.883227948167984	9.166244110420859	0.5170504833627124	 	 	0.0	9.237592701561285	6.883227948167984	7.227218421029076	
2000-6-19	8.308532529205218	4.0687158324651875	6.108253544917124	7.227218421029076	0.5386696824021365	 	 	0.0	8.308532529205218	6.108253544917124	5.266573532597867	
2000-6-20	10.932560730541999	4.1047172185404115	5.3658898936531	5.266573532597867	0.8677452136312627	Pristine Petroleum	Earl	11.309733552923255	10.932560730541999	9.665679364005786	14.188941959539115	
2000-6-21	15.369462455103601	4.141564527460824	8.86865791184158	14.188941959539116	0.808108503227709	 	 	0.0	15.369462455103601	8.86865791184158	11.912491485133518	
2000-6-22	8.718937348294448	4.179246900155356	8.067548732924418	11.912491485133522	0.673791322984231	 	 	0.0	8.718937348294448	8.067548732924418	9.770358190971404	
2000-6-23	8.285511440226252	4.217753231455816	7.271878588918096	9.770358190971404	0.791954703215884	 	 	0.0	8.285511440226252	7.271878588918096	7.510061516577635	
2000-6-24	14.569604444948027	4.257072173369627	6.471141082694035	7.510061516577635	0.5704886433954286	 	 	0.0	14.569604444948027	6.471141082694035	5.471230902004323	
2000-6-25	8.408745796022089	4.297192138424135	5.693464005362302	5.471230902004321	0.7734215372169422	Dodgy Diesel	Francis	11.309733552923255	8.408745796022089	7.698910764659218	13.445920147164566	
2000-6-26	12.64826735676249	4.3381013030814914	7.189081538893449	13.445920147164568	0.5779400064897824	 	 	0.0	12.64826735676249	7.189081538893449	11.3996381694969	
2000-6-27	8.64644408804721	4.379787611223099	6.6892106907382685	11.3996381694969	0.5309879280795806	 	 	0.0	8.64644408804721	6.6892106907382685	9.400308270239433	
2000-6-28	10.796570367336052	4.422238777702612	6.20370432962473	9.400308270239433	0.888735011167783	 	 	0.0	10.796570367336052	6.20370432962473	7.043231287893766	
2000-6-29	11.064116265138821	4.4654422919664185	5.7135920684282375	7.043231287893767	0.8587987468771976	 	 	0.0	11.064116265138821	5.7135920684282375	4.716090569838685	
2000-6-30	8.547098175556128	4.509385421740566	5.219482910538007	4.716090569838685	0.9226056300838462	Pristine Petroleum	Earl	11.309733552923255	8.547098175556128	7.899778399242651	13.553740954854728	
2000-7-1	13.601391983741395	4.554055216783011	7.396050876512898	13.553740954854728	0.8437669313893569	 	 	0.0	13.601391983741395	7.396050876512898	11.241632052287486	
2000-7-2	16.17092407541833	4.5994385127001225	6.891559003045801	11.241632052287486	0.7114175396514653	 	 	0.0	16.17092407541833	6.891559003045801	9.061872541458134	
2000-7-3	18.075510675454513	4.645521934826288	6.393194623168474	9.061872541458134	0.7968090257792513	 	 	0.0	18.075510675454513	6.393194623168475	6.7572232083087895	
2000-7-4	15.488620428035247	4.692291902165486	5.894311145736877	6.7572232083087895	0.6372793824375587	 	 	0.0	15.488620428035247	5.894311145736877	4.612103518501139	
2000-7-5	24.319754308810705	4.739734631393672	5.410614249242347	4.612103518501139	0.8488674983162721	Dodgy Diesel	Trevor	11.309733552923255	24.319754308810705	20.769251546933326	13.684402677846533	
2000-7-6	12.412648064767396	4.7878361409207795	18.350878374864482	13.684402677846533	0.9658094571598568	 	 	0.0	12.412648064767396	18.350878374864482	11.210752913316583	
2000-7-7	24.740874624527077	4.8365822550111695	15.876392292190395	11.210752913316583	0.6298515255281388	 	 	0.0	24.740874624527077	15.876392292190395	9.073061080418354	
2000-7-8	18.827764581172598	4.8859586079612765	13.416122211641603	9.073061080418354	0.5305711866446542	 	 	0.0	18.827764581172598	13.416122211641603	7.009155487874649	
2000-7-9	23.361145399136532	4.935950648333252	10.994710808221654	7.009155487874649	0.5083236848259308	 	 	0.0	23.361145399136532	10.994710808221654	4.9674973971496685	
2000-7-10	18.86210300071241	4.986543643243337	8.631369240112393	4.9674973971496685	0.7456555661245257	Pristine Petroleum	Josh	11.309733552923255	18.86210300071241	16.682433683463028	14.047364462891116	
2000-7-11	17.645044621856954	5.037722682703714	14.972495265244888	14.047364462891114	0.6749318057830713	 	 	0.0	17.645044621856954	14.972495265244888	11.839098251208993	
2000-7-12	15.017576001120217	5.089472684016544	13.26239836884339	11.839098251208993	0.8461044590527698	 	 	0.0	15.017576001120217	13.26239836884339	9.459659386257174	
2000-7-13	18.38891361956036	5.141778396218909	11.521028641797992	9.459659386257174	0.8365613024708328	 	 	0.0	18.38891361956036	11.521028641797992	7.089763677887291	
2000-7-14	14.250256924087195	5.194624404577344	9.73785326316737	7.089763677887291	0.6194533545044174	 	 	0.0	14.250256924087195	9.73785326316737	4.936975917483822	
2000-7-15	24.71383518968054	5.247995135130624	7.964105700710502	4.936975917483822	0.7201609542981867	Pristine Petroleum	Earl	11.309733552923255	24.71383518968054	21.168368617149845	14.11758639748869	
2000-7-16	18.3578916621049	5.30187485927949	18.838045238979397	14.117586397488688	0.6516217486538228	 	 	0.0	18.3578916621049	18.838045238979397	11.850636307243384	
2000-7-17	20.705527944756493	5.356247698421926	16.497306480387877	11.850636307243384	0.8883374586331858	 	 	0.0	20.705527944756493	16.497306480387877	9.34697050701872	
2000-7-18	14.97754995376041	5.411097628632671	14.083753285223494	9.34697050701872	0.802013640087837	 	 	0.0	14.97754995376041	14.083753285223494	6.880921520764753	
2000-7-19	21.822001195138597	5.466408485385532	11.577887704976106	6.880921520764753	0.6246868084374677	 	 	0.0	21.822001195138597	11.577887704976106	4.592199366161159	
2000-7-20	14.414919239335774	5.522163968317152	9.014619153250607	4.592199366161159	0.8839569259872606	Dodgy Diesel	Francis	11.309733552923255	14.414919239335774	13.450279734768165	13.0983997000898	
2000-7-21	21.581035959620603	5.578347646030793	12.217471132245567	13.0983997000898	0.7428962183621173	 	 	0.0	21.581035959620603	12.217471132245567	10.669378582190527	
2000-7-22	14.60395447713826	5.634942960938757	10.96183983083552	10.669378582190527	0.7170688474360905	 	 	0.0	14.60395447713826	10.96183983083552	8.26618483521728	
2000-7-23	17.110755618132078	5.691933234141968	9.679200940815056	8.26618483521728	0.9055049966514002	 	 	0.0	17.110755618132078	9.679200940815056	5.674554939028725	
2000-7-24	22.54353839523066	5.749301670345331	8.315682104994877	5.674554939028724	0.8730790790191798	Pristine Petroleum	Arnold	11.309733552923255	22.54353839523066	19.201303045352233	14.521432414121621	
2000-7-25	18.304884087151592	5.807031362807381	17.291602609750143	14.521432414121621	0.7741038257638948	 	 	0.0	18.304884087151592	17.291602609750143	12.06120368882057	
2000-7-26	18.762292602384615	5.865105298322771	15.344654893454303	12.06120368882057	0.5168239676130739	 	 	0.0	18.762292602384615	15.344654893454301	9.858254821670338	
2000-7-27	21.85809386494721	5.923506362236149	13.398474480626822	9.858254821670338	0.5151441409003074	 	 	0.0	21.85809386494721	13.398474480626822	7.656985781232875	
2000-7-28	19.6961671760396	5.982217343485923	11.451441115358998	7.656985781232875	0.8449557955661016	 	 	0.0	19.6961671760396	11.451441115358998	5.125905086129618	
2000-7-29	17.74050718248484	6.041220939676437	9.383405279448395	5.125905086129618	0.7145628007662495	Dodgy Diesel	Trevor	11.309733552923255	17.74050718248484	15.8369909593016	13.27564622733574	
2000-7-30	16.773543395533345	6.100499762177071	14.327933124462719	13.275646227335741	0.8454769496086488	 	 	0.0	16.773543395533345	14.327933124462719	10.744044378189937	
2000-7-31	21.68872537649727	6.160036341246748	12.776686271552135	10.744044378189933	0.6316116094840285	 	 	0.0	21.68872537649727	12.776686271552135	8.42630786916875	
2000-8-1	10.69404864722082	6.219813131182345	11.206632540196578	8.42630786916875	0.7104462086091332	 	 	0.0	10.69404864722082	11.206632540196578	6.029736761022463	
2000-8-2	13.9855688342827	6.279812515489498	9.589096293862767	6.029736761022463	0.7495004222747539	 	 	0.0	13.9855688342827	9.589096293862767	3.5941114392105526	
2000-8-3	15.57160841633408	6.340016812074256	7.872816453352716	3.5941114392105526	0.9862548882067366	Dodgy Diesel	Francis	11.309733552923255	15.57160841633408	14.720342002492893	11.446520485583132	
2000-8-4	14.683459992890173	6.400408278454081	13.233371057586668	11.446520485583132	0.7278781431506114	 	 	0.0	14.683459992890173	13.233371057586668	9.032517442895363	
2000-8-5	13.142095557385607	6.460969116986638	11.715302673490298	9.032517442895363	0.9093913338011712	 	 	0.0	13.142095557385607	11.715302673490298	6.437001209557038	
2000-8-6	9.32877064533161	6.521681480114839	10.11103129580656	6.437001209557038	0.5149683368451231	 	 	0.0	9.32877064533161	10.11103129580656	4.23590797317476	
2000-8-7	13.817041190331402	6.5825274756266055	8.504996305341226	4.23590797317476	0.959593525085034	Pristine Petroleum	Arnold	11.309733552923255	13.817041190331402	13.025787824128967	12.884961510676046	
2000-8-8	10.120261142181585	6.643489171927779	12.010675068106913	12.884961510676046	0.808041424075261	 	 	0.0	10.120261142181585	12.010675068106915	10.390795187063627	
2000-8-9	12.434249215686696	6.704548603326651	10.972596900215446	10.390795187063627	0.7425020357189096	 	 	0.0	12.434249215686696	10.972596900215446	7.962168251807562	
2000-8-10	11.192388820895838	6.765687775328525	9.911382408113248	7.962168251807562	0.676965064984612	 	 	0.0	11.192388820895838	9.911382408113248	5.599078287285795	
2000-8-11	15.199022026855078	6.82688866993879	8.827411031353755	5.599078287285795	0.6446256082087554	Dodgy Diesel	Francis	11.309733552923255	15.199022026855078	13.643072839484164	14.580582379789327	
2000-8-12	15.125142987760901	6.888133250972893	12.689748797752827	14.580582379789327	0.9914073825358397	 	 	0.0	15.125142987760901	12.689748797752829	11.903050097716328	
2000-8-13	17.759090316951287	6.9494034693716955	11.704162983857831	11.903050097716331	0.8706715550382462	 	 	0.0	17.759090316951287	11.704162983857831	9.346253643140928	
2000-8-14	14.734022263511177	7.010681268520608	10.687745067671203	9.346253643140928	0.687385633931819	 	 	0.0	14.734022263511177	10.687745067671203	6.9727431096719545	
2000-8-15	16.802581161386136	7.071948589570959	9.653344110941612	6.972743109671953	0.6359617434313786	 	 	0.0	16.802581161386136	9.653344110941612	4.65065646670342	
2000-8-16	11.867585561599887	7.133187376762022	8.601249258346428	4.65065646670342	0.7600101799553309	Pristine Petroleum	Jeff	11.309733552923255	11.867585561599887	11.256987817309405	13.474723593587903	
2000-8-17	9.27859107393061	7.194379582742128	10.639537384226527	13.474723593587903	0.7130208278127482	 	 	0.0	9.27859107393061	10.639537384226527	11.075577866237998	
2000-8-18	13.925027631722719	7.255507173887307	10.017996806495473	11.075577866237998	0.9185616986133778	 	 	0.0	13.925027631722719	10.017996806495473	8.470891268087465	
2000-8-19	16.761241687861467	7.316552135615875	9.376364630618653	8.470891268087465	0.5041940583002402	 	 	0.0	16.761241687861467	9.376364630618653	6.280572310250071	
2000-8-20	9.038085995497061	7.377496477697419	8.746087224338275	6.280572310250071	0.964429074922315	 	 	0.0	9.038085995497061	8.746087224338275	3.6300183357906	
2000-8-21	15.325141266946632	7.438322239554594	8.062096241846604	3.6300183357906	0.8787203570699154	Dodgy Diesel	Trevor	11.309733552923255	15.325141266946632	14.512933299550467	11.842133772182123	
2000-8-22	11.275582901774959	7.499011495556196	13.3002131100557	11.842133772182123	0.9778195664233611	 	 	0.0	11.275582901774959	13.3002131100557	9.093851352590855	
2000-8-23	9.826974163756558	7.559546360299921	12.021642809391624	9.093851352590855	0.9749628046363039	 	 	0.0	9.826974163756558	12.021642809391624	6.2590370247650755	
2000-8-24	15.349459830290629	7.619908993883275	10.625092205032674	6.2590370247650755	0.8509783935281544	 	 	0.0	15.349459830290629	10.625092205032674	3.548207108047446	
2000-8-25	12.196159719385278	7.680081607161082	9.049467273196214	3.5482071080474453	0.6603961359413514	Dodgy Diesel	Trevor	11.309733552923255	12.196159719385278	11.845347922995945	12.302295311834879	
2000-8-26	13.41124020595957	7.740046466988018	11.163311004722	12.302295311834879	0.5385296148560812	 	 	0.0	13.41124020595957	11.163311004722	9.871939827716377	
2000-8-27	9.77876534913846	7.7997859014446576	10.472650358676416	9.871939827716377	0.7645689324330096	 	 	0.0	9.77876534913846	10.472650358676416	7.215545026020943	
2000-8-28	11.956816880110475	7.859282305045465	9.749073810754973	7.215545026020943	0.8741543495769772	 	 	0.0	11.956816880110475	9.749073810754973	4.4495648071815435	
2000-8-29	11.620135337816743	7.918518143927216	8.953007510160637	4.4495648071815435	0.6054753159321116	Dodgy Diesel	Francis	11.309733552923255	11.620135337816743	11.13342999688084	12.430658379534028	
2000-8-30	14.641159421345748	7.9774759610162995	10.614776459437037	12.430658379534028	0.6952454437629005	 	 	0.0	14.641159421345748	10.614776459437037	9.843587066508706	
2000-8-31	14.428223349671692	8.036138381173409	10.084140281492257	9.843587066508706	0.544914284623763	 	 	0.0	14.428223349671692	10.084140281492257	7.4068469126225205	
2000-9-1	11.534353294222234	8.094488116314064	9.547009792892515	7.406846912622519	0.7740745396168811	 	 	0.0	11.534353294222234	9.547009792892515	4.740946503743216	
2000-9-2	19.384980197505914	8.1525079705035	8.97516310479129	4.740946503743216	0.6672627411544536	Pristine Petroleum	Arnold	11.309733552923255	19.384980197505914	17.46608538456887	13.547398412427016	
2000-9-3	12.63825599184934	8.210180845024375	16.056918610514128	13.547398412427016	0.5179201471738463	 	 	0.0	12.63825599184934	16.056918610514128	11.137652395990745	
2000-9-4	15.412804128883154	8.267489743415856	14.62530785678084	11.137652395990745	0.7537126971421788	 	 	0.0	15.412804128883154	14.62530785678084	8.492113829586142	
2000-9-5	12.845107127247504	8.324417776482543	13.124633226488314	8.492113829586142	0.6234545770422195	 	 	0.0	12.845107127247504	13.124633226488314	5.976833383281502	
2000-9-6	15.39898840909546	8.38094816727179	11.550909224315578	5.976833383281502	0.8846193996027044	Pristine Petroleum	Earl	11.309733552923255	15.39898840909546	14.472705896309526	14.515176856505908	
2000-9-7	16.00365860094436	8.437064256017964	13.616363310388358	14.515176856505908	0.667661005649639	 	 	0.0	16.00365860094436	13.616363310388358	11.955689981593848	
2000-9-8	16.060808486215407	8.492749505052139	12.73951132458207	11.955689981593848	0.9409783053563171	 	 	0.0	16.060808486215407	12.73951132458207	9.122885806975106	
2000-9-9	15.092320220016816	8.547987503675834	11.809401712329947	9.122885806975106	0.7719847259699139	 	 	0.0	15.092320220016816	11.809401712329947	6.4590752117427686	
2000-9-10	17.13475532796902	8.602761972997314	10.821984495599489	6.4590752117427686	0.8492242401808501	 	 	0.0	17.13475532796902	10.821984495599489	3.718025102299498	
2000-9-11	15.954279211583513	8.65705677072906	9.7113913050245	3.718025102299498	0.7093733216745082	Dodgy Diesel	Trevor	11.309733552923255	15.954279211583513	15.261138004531794	12.34920091738146	
2000-9-12	12.507583799918672	8.71085589594497	14.172762264354203	12.34920091738146	0.5342907959550955	 	 	0.0	12.507583799918672	14.172762264354203	9.833627447176175	
2000-9-13	18.951255180333124	8.764143493795904	13.0542490868111	9.833627447176175	0.5913953763973423	 	 	0.0	18.951255180333124	13.054249086811097	7.260949396528646	
2000-9-14	18.81724327873432	8.816903860182192	11.884635054236819	7.260949396528644	0.5612375545220157	 	 	0.0	18.81724327873432	11.884635054236819	4.718429167756439	
2000-9-15	16.91886963687007	8.869121446381694	10.6393621049115	4.718429167756439	0.8218965327201797	Dodgy Diesel	Francis	11.309733552923255	16.91886963687007	15.849924462233696	13.135996216182889	
2000-9-16	17.987184113293612	8.920780863632077	14.764870675049949	13.135996216182889	0.5989127212807573	 	 	0.0	17.987184113293612	14.764870675049949	10.555800820651939	
2000-9-17	14.940030014597141	8.971866887665964	13.645189186896285	10.555800820651939	0.5186829291754895	 	 	0.0	14.940030014597141	13.645189186896285	8.05583521722626	
2000-9-18	13.076583839072688	9.022364463197594	12.48854975182736	8.05583521722626	0.9105429897545476	 	 	0.0	13.076583839072688	12.48854975182736	5.095225064026868	
2000-9-19	17.80043535494629	9.072258708359673	11.173856509987438	5.095225064026868	0.582653614288242	Pristine Petroleum	Earl	11.309733552923255	17.80043535494629	16.47031706989555	13.807815110319842	
2000-9-20	11.695053472221339	9.12153491908914	15.373253283913034	13.807815110319842	0.5098012692433879	 	 	0.0	11.695053472221339	15.373253283913034	11.247946677631607	
2000-9-21	14.301604210696405	9.170178573460518	14.244869252467414	11.247946677631607	0.5898589325418552	 	 	0.0	14.301604210696405	14.244869252467414	8.608020581644908	
2000-9-22	17.118387497003724	9.218175335965594	13.063598515282889	8.608020581644908	0.8950755064339625	 	 	0.0	17.118387497003724	13.06359851528289	5.662877911766099	
2000-9-23	12.76961040423542	9.265511061738152	11.738276607279094	5.662877911766099	0.5463495804688573	Pristine Petroleum	Arnold	11.309733552923255	12.76961040423542	12.527912678222588	14.348018647137346	
2000-9-24	10.950976646637265	9.312171800722542	12.067486424270959	14.34801864713735	0.8276828342921965	 	 	0.0	10.950976646637265	12.067486424270959	11.470268649400303	
2000-9-25	14.556016524224704	9.358143801784813	11.585662868304883	11.470268649400303	0.577503128641918	 	 	0.0	14.556016524224704	11.585662868304883	8.842698357313541	
2000-9-26	14.468306290147261	9.403413516765244	11.087357634880759	8.842698357313541	0.8858210308319953	 	 	0.0	14.468306290147261	11.087357634880759	5.9068101630367	
2000-9-27	13.794310112575408	9.447967604471042	10.53868555487793	5.906810163036701	0.8010751791604913	Pristine Petroleum	Jeff	11.309733552923255	13.794310112575408	13.039969531353401	14.314008281472578	
2000-9-28	18.806214934747675	9.491792934608062	12.53047884135989	14.314008281472578	0.9573626998029845	 	 	0.0	18.806214934747675	12.53047884135989	11.270434023117836	
2000-9-29	12.76975920572754	9.534876591650356	11.988334885829252	11.270434023117836	0.692103479630646	 	 	0.0	12.76975920572754	11.988334885829252	8.492118984935429	
2000-9-30	12.949817523144588	9.577205878646442	11.415769792959917	8.492118984935429	0.9937027240785348	 	 	0.0	12.949817523144588	11.415769792959917	5.412204702305136	
2000-10-1	5.7813424937054805	9.618768320961154	10.762811989289418	5.412204702305136	0.5453669283342479	Dodgy Diesel	Francis	11.309733552923255	5.7813424937054805	6.962849083143473	12.967328255009889	
2000-10-2	8.761389785163972	9.65955166995197	7.386249382118287	12.967328255009889	0.8674508234952507	 	 	0.0	8.761389785163972	7.3862493821182875	10.013665872962877	
2000-10-3	4.650371334709463	9.69954390657875	7.852819574282135	10.013665872962877	0.767693186786573	 	 	0.0	4.650371334709463	7.852819574282135	7.159761127624544	
2000-10-4	10.978631273879039	9.7387332449458	8.377311083475906	7.1597611276245425	0.854395858211944	 	 	0.0	10.978631273879039	8.377311083475906	4.21915371086084	
2000-10-5	12.050791459999893	9.777108135775222	9.01552855026616	4.21915371086084	0.7138904829198813	Dodgy Diesel	Francis	11.309733552923255	12.050791459999893	11.616742985136474	12.240658073165545	
2000-10-6	12.425409959654464	9.814657269810555	11.315967628534514	12.240658073165545	0.6658360517464246	 	 	0.0	12.425409959654464	11.315967628534514	9.48861046286736	
2000-10-7	4.145546220943989	9.851369581149648	11.003502563319929	9.48861046286736	0.5618489599819324	 	 	0.0	4.145546220943989	11.003502563319929	6.8405499443336675	
2000-10-8	8.258272048872081	9.88723425050584	10.678206898592489	6.8405499443336675	0.6570749440909296	 	 	0.0	8.258272048872081	10.678206898592489	4.097263441690978	
2000-10-9	8.308314764425107	9.922240708396457	10.323257663527285	4.097263441690978	0.8824350828908566	Dodgy Diesel	Trevor	11.309733552923255	8.308314764425107	8.547955402374338	12.354234772880458	
2000-10-10	7.2988021324848695	9.956378638257679	8.780136558367248	12.354234772880458	0.9653483002419139	 	 	0.0	7.2988021324848695	8.780136558367248	9.302674914086785	
2000-10-11	10.30059203873856	9.989637979484888	9.042388074496007	9.302674914086785	0.8637795840824767	 	 	0.0	10.30059203873856	9.042388074496007	6.352683771452548	
2000-10-12	11.223720310437836	10.022008930397563	9.347860656602425	6.35268377145255	0.7669422478682094	 	 	0.0	11.223720310437836	9.347860656602425	3.499529965032581	
2000-10-13	6.397538253231963	10.053481951127889	9.729564038481582	3.4995299650325817	0.5695938115280751	Dodgy Diesel	Francis	11.309733552923255	6.397538253231963	6.749505140643831	11.261424969501984	
2000-10-14	10.37966903286667	10.0840477664322	7.349583438658897	11.261424969501986	0.5210416059862976	 	 	0.0	10.37966903286667	7.349583438658897	8.654171804963928	
2000-10-15	9.502554033126225	10.113697368424427	7.990885647163628	8.654171804963928	0.687443553886584	 	 	0.0	9.502554033126225	7.990885647163629	5.880516692525586	
2000-10-16	8.430344516800684	10.142422019230775	8.71149649387444	5.880516692525586	0.7227067057697237	Pristine Petroleum	Arnold	11.309733552923255	8.430344516800684	8.495422136848699	14.221866390642314	
2000-10-17	10.338866521060066	10.170213253564805	8.736203401039155	14.221866390642314	0.9624132718524472	 	 	0.0	10.338866521060066	8.736203401039155	11.096368818084372	
2000-10-18	5.5487490722610415	10.1970628812222	9.003464974734415	11.096368818084372	0.9239351451914395	 	 	0.0	5.5487490722610415	9.003464974734415	8.009349372187446	
2000-10-19	10.08406036323135	10.222962989494452	9.30869094957335	8.009349372187446	0.8527358604153559	 	 	0.0	10.08406036323135	9.30869094957335	4.993529211066599	
2000-10-20	12.512426779990738	10.247905945500769	9.675658441244458	4.993529211066599	0.8128421697686291	Dodgy Diesel	Trevor	11.309733552923255	12.512426779990738	12.005598976709363	13.070353943475277	
2000-10-21	8.07794629599866	10.271884398437534	11.733957986309722	13.070353943475277	0.7666653681446061	 	 	0.0	8.07794629599866	11.733957986309722	10.14060427462518	
2000-10-22	7.1962479818412	10.294891281744604	11.445820367152852	10.14060427462518	0.8831735681359977	 	 	0.0	7.1962479818412	11.445820367152852	7.094346405783689	
2000-10-23	9.733411431042926	10.316919815187868	11.127847360821075	7.094346405783688	0.851953201795892	 	 	0.0	9.733411431042926	11.127847360821075	4.079308903282308	
2000-10-24	12.153196330158623	10.33796350685741	10.755295050581779	4.079308903282308	0.5534621218503547	Pristine Petroleum	Jeff	11.309733552923255	12.153196330158623	11.96541269636068	12.636557666574149	
2000-10-25	6.106880109965108	10.358016155080708	11.705186127631107	12.636557666574149	0.7731046608556594	 	 	0.0	6.106880109965108	11.705186127631107	9.700368705012998	
2000-10-26	8.745022103729708	10.377071850250289	11.42766709620713	9.700368705012998	0.575476091444706	 	 	0.0	8.745022103729708	11.42766709620713	6.961808312862804	
2000-10-27	8.687733083863522	10.39512497656532	11.131595511437576	6.961808312862804	0.9182797264809412	 	 	0.0	8.687733083863522	11.131595511437576	3.880444285676374	
2000-10-28	8.718985886555036	10.412170213686617	10.776460180674958	3.880444285676374	0.9807572435246835	Dodgy Diesel	Trevor	11.309733552923255	8.718985886555036	8.906060922427791	11.967346863543632	
2000-10-29	7.3813955637085265	10.428202538304559	9.164950072969694	11.967346863543632	0.8773395536946076	 	 	0.0	7.3813955637085265	9.164950072969694	8.926923009143538	
2000-10-30	6.993159723327295	10.443217225619497	9.453417164571364	8.926923009143538	0.8594613235343799	 	 	0.0	6.993159723327295	9.453417164571364	5.904377384903667	
2000-10-31	8.241983225402711	10.457209850734161	9.788885929939633	5.904377384903667	0.7076216144145341	Dodgy Diesel	Francis	11.309733552923255	8.241983225402711	8.630027849412574	13.24823076714101	
2000-11-1	4.260223788802176	10.470176289957704	8.913515790780108	13.24823076714101	0.8064122662634461	 	 	0.0	4.260223788802176	8.913515790780108	10.278734200172071	
2000-11-2	5.130726423604966	10.482112722020974	9.222548574330036	10.278734200172071	0.7409429488310287	 	 	0.0	5.130726423604966	9.222548574330036	7.374706950635555	
2000-11-3	4.925807780930406	10.493015629202652	9.566616546032659	7.374706950635555	0.5091654492231924	 	 	0.0	4.925807780930406	9.566616546032659	4.702457200706874	
2000-11-4	4.952944061252441	10.502881798365948	9.953465235228895	4.702457200706874	0.5385271595933315	Dodgy Diesel	Trevor	11.309733552923255	4.952944061252441	5.839960505964205	13.072916293778203	
2000-11-5	9.845291224746664	10.511708321905525	6.566796189233602	13.072916293778203	0.953287150094057	 	 	0.0	9.845291224746664	6.566796189233602	9.956544842978653	
2000-11-6	5.524754057929453	10.519492598604383	7.367692648535336	9.956544842978653	0.92802587484086	 	 	0.0	5.524754057929453	7.367692648535336	6.865434667432303	
2000-11-7	5.425461289948167	10.52623233440045	8.28127252469044	6.865434667432303	0.768111320192033	 	 	0.0	5.425461289948167	8.28127252469044	3.934239046534781	
2000-11-8	5.9419321841607555	10.53192554306265	9.374971756152481	3.934239046534781	0.9168292455775703	Dodgy Diesel	Trevor	11.309733552923255	5.9419321841607555	6.307526122208367	11.266764379476092	
2000-11-9	4.258754897342615	10.53657054677626	7.067855800301897	11.266764379476092	0.9796186726920063	 	 	0.0	4.258754897342615	7.067855800301897	8.124061406078596	
2000-11-10	6.363318233361745	10.540165976637365	7.923378297863802	8.124061406078596	0.931277379696557	 	 	0.0	6.363318233361745	7.923378297863802	4.99220939461333	
2000-11-11	7.002016431392247	10.54271077305628	8.945472300106866	4.99220939461333	0.8650899884172789	Pristine Petroleum	Jeff	11.309733552923255	7.002016431392247	7.334472088649469	13.135888117499745	
2000-11-12	7.033428780133275	10.544204186069823	7.83234501100885	13.135888117499745	0.5744408210205743	 	 	0.0	7.033428780133275	7.83234501100885	10.360872664710461	
2000-11-13	3.141771361120176	10.544645775562323	8.361980735295523	10.360872664710461	0.9511891685557812	 	 	0.0	3.141771361120176	8.361980735295523	7.209108864385969	
2000-11-14	8.569426020474209	10.544035411395331	8.965230694817425	7.209108864385969	0.7636746744826166	 	 	0.0	8.569426020474209	8.965230694817425	4.244859558134645	
2000-11-15	8.011553689898339	10.542373273445966	9.680782935530722	4.244859558134645	0.6960522138215275	Pristine Petroleum	Arnold	11.309733552923255	8.011553689898339	8.235062896096935	12.570149314847045	
2000-11-16	3.6522507172468663	10.539659851553914	8.60851903285395	12.570149314847045	0.6256521540414131	 	 	0.0	3.6522507172468663	8.60851903285395	9.74392252903692	
2000-11-17	8.892029791145445	10.535895945377057	9.00814619151104	9.74392252903692	0.7470849783176775	 	 	0.0	8.892029791145445	9.008146191511042	6.796262918950535	
2000-11-18	6.148238870528388	10.531082664155823	9.453695683796319	6.796262918950535	0.5375471725513126	 	 	0.0	6.148238870528388	9.453695683796319	4.058141114630513	
2000-11-19	4.785016699372728	10.525221426386283	9.960546435914024	4.058141114630513	0.891548499966328	Dodgy Diesel	Francis	11.309733552923255	4.785016699372728	5.3807501083569	11.365120256486916	
2000-11-20	6.344483974335428	10.518313959402109	6.295749292262359	11.365120256486916	0.7643396168146844	 	 	0.0	6.344483974335428	6.295749292262359	8.400206007903522	
2000-11-21	6.89060715520509	10.510362298865525	7.300668186133522	8.400206007903522	0.9428527625225382	 	 	0.0	6.89060715520509	7.300668186133522	5.2567786136122745	
2000-11-22	6.61972997430777	10.501368788167389	8.490244193110188	5.256778613612275	0.5778248407815382	Dodgy Diesel	Francis	11.309733552923255	6.61972997430777	7.016426342636462	13.122739181625438	
2000-11-23	3.7591975545994956	10.491336077736584	7.555766085487472	13.122739181625438	0.6437343939854406	 	 	0.0	3.7591975545994956	7.555766085487472	10.278430155871284	
2000-11-24	5.830401514118076	10.480267124258924	8.131076224491586	10.278430155871284	0.9387956594275981	 	 	0.0	5.830401514118076	8.131076224491586	7.0737337501265936	
2000-11-25	8.874940932438877	10.468165189805806	8.78874229505052	7.0737337501265936	0.8127504991304912	 	 	0.0	8.874940932438877	8.78874229505052	3.9950825046790093	
2000-11-26	8.634777462720963	10.455033840872858	9.587679536927757	3.9950825046790093	0.8999504611113823	Pristine Petroleum	Josh	11.309733552923255	8.634777462720963	8.725303277247582	12.021819334891829	
2000-11-27	6.232713424366241	10.440876947328881	9.015752449295327	12.021819334891829	0.8134620106613593	 	 	0.0	6.232713424366241	9.015752449295327	8.905351995810896	
2000-11-28	5.992401827764233	10.425698681275389	9.33462133480133	8.905351995810896	0.5871768271158705	 	 	0.0	5.992401827764233	9.33462133480133	6.015169840275454	
2000-11-29	9.175421989232118	10.409503515817049	9.68758474087295	6.015169840275454	0.6014082606336033	Pristine Petroleum	Jeff	11.309733552923255	9.175421989232118	9.296996017778955	14.347203274401584	
2000-11-30	9.9376733005065	10.392296223743458	9.453264775428824	14.347203274401581	0.7828430128862653	 	 	0.0	9.9376733005065	9.453264775428824	11.261354933095742	
2000-12-1	0.23963107292614683	10.37408187612257	9.619472968079519	11.26135493309574	0.5257630278423892	 	 	0.0	0.23963107292614683	9.619472968079519	8.432586576833778	
2000-12-2	5.03115191650443	10.354865840806234	9.794820222274476	8.432586576833778	0.5497701921555651	 	 	0.0	5.03115191650443	9.794820222274476	5.5671427571498855	
2000-12-3	2.2080939316102617	10.334653780848258	9.985524621828462	5.5671427571498855	0.7591034435342174	Pristine Petroleum	Earl	11.309733552923255	2.2080939316102617	3.804179804470204	13.64238575141544	
2000-12-4	2.0596053285720255	10.313451652835482	4.773603601155684	13.64238575141544	0.950423885769078	 	 	0.0	2.0596053285720255	4.773603601155684	10.376288238118033	
2000-12-5	5.258658225347786	10.29126570513235	5.8458606048965756	10.376288238118033	0.5760404717637008	 	 	0.0	5.258658225347786	5.8458606048965756	7.484574138826006	
2000-12-6	1.5895352754966634	10.268102476039479	7.0223559789140815	7.484574138826006	0.8063740308304088	 	 	0.0	1.5895352754966634	7.022355978914081	4.338299915430843	
2000-12-7	-0.5384357413584903	10.243968791866806	8.452012337033583	4.338299915430843	0.5478024099534208	Pristine Petroleum	Jeff	11.309733552923255	-0.5384357413584903	0.7367291294683178	12.56691200921257	
2000-12-8	0.83574259312826	10.218871764921822	2.2609766806554674	12.56691200921257	0.662836086844369	 	 	0.0	0.83574259312826	2.2609766806554674	9.564175729803441	
2000-12-9	0.3809701030308048	10.192818791413568	3.923558635277334	9.564175729803441	0.7410334761779	 	 	0.0	0.3809701030308048	3.923558635277334	6.483242061060785	
2000-12-10	4.074206251651581	10.165817549272917	5.8222625494624305	6.483242061060785	0.5198764936976716	 	 	0.0	4.074206251651581	5.8222625494624305	3.623465374798359	
2000-12-11	0.020960421438105777	10.13787599588986	8.075788665170865	3.623465374798359	0.6296794453259404	Pristine Petroleum	Josh	11.309733552923255	0.020960421438105777	0.7100251605593012	11.777048798679079	
2000-12-12	1.5111696233511231	10.109002365768433	2.318966893070121	11.777048798679079	0.9224693207913917	 	 	0.0	1.5111696233511231	2.318966893070121	8.514679285322929	
2000-12-13	0.7905878982442277	10.079205168099957	4.137477966026633	8.514679285322929	0.7902885049827727	 	 	0.0	0.7905878982442277	4.137477966026633	5.384490587775401	
2000-12-14	-0.09737965425573207	10.048493184255355	6.2782389578650735	5.384490587775403	0.5234864671513407	Dodgy Diesel	Francis	11.309733552923255	-0.09737965425573207	1.2785846518618973	13.086731837288871	
2000-12-15	5.799192542609384	10.01687546519723	2.629871638761636	13.086731837288873	0.5142717827399549	 	 	0.0	5.799192542609384	2.629871638761636	10.232559861984157	
2000-12-16	0.5791573075561883	9.984361328812515	4.074996798842432	10.232559861984157	0.5933194121724914	 	 	0.0	0.5791573075561883	4.074996798842432	7.299340257246912	
2000-12-17	2.672422050141266	9.950960357166439	5.672779126159924	7.299340257246912	0.6026980122794448	 	 	0.0	2.672422050141266	5.672779126159924	4.356742052402712	
2000-12-18	3.823048320286624	9.916682393678656	7.545969745382008	4.356742052402712	0.5648219340387789	Pristine Petroleum	Earl	11.309733552923255	3.823048320286624	4.349263690209029	12.621954281712629	
2000-12-19	5.265186955553512	9.881537540222338	5.238349859757106	12.621954281712629	0.5635219463170534	 	 	0.0	5.265186955553512	5.238349859757106	9.718532142830819	
2000-12-20	2.11702509847898	9.845536154147114	6.1924406226945115	9.718532142830819	0.646044533874596	 	 	0.0	2.11702509847898	6.1924406226945115	6.732587416391467	
2000-12-21	2.7729055745283264	9.808688845226701	7.256538180581911	6.732587416391467	0.5428607062271091	 	 	0.0	2.7729055745283264	7.256538180581911	3.849826517599602	
2000-12-22	2.080463798941629	9.77100647253217	8.501366423406845	3.849826517599602	0.5940059332277622	Pristine Petroleum	Jeff	11.309733552923255	2.080463798941629	2.7522051226923896	12.06436965443014	
2000-12-23	2.124326752277406	9.732500141231709	3.9221700985590195	12.06436965443014	0.7917616101187209	 	 	0.0	2.124326752277406	3.9221700985590195	8.932707851746663	
2000-12-24	2.048390661832812	9.693181199317898	5.216160858359513	8.932707851746663	0.6624627610665977	 	 	0.0	2.048390661832812	5.216160858359513	5.930344898115309	
2000-12-25	-0.5961986382344988	9.65306123426339	6.685952263993208	5.930344898115309	0.7918280193553371	Pristine Petroleum	Arnold	11.309733552923255	-0.5961986382344988	1.0257844248712307	13.914224704886111	
2000-12-26	4.320576383196759	9.612152069606035	2.276399313114041	13.914224704886108	0.5691464153234768	 	 	0.0	4.320576383196759	2.276399313114041	11.005178096997874	
2000-12-27	3.356377317342305	9.570465761464426	3.6119242111013157	11.005178096997874	0.7669023631690375	 	 	0.0	3.356377317342305	3.6119242111013157	7.898375541264082	
2000-12-28	-1.885660254101773	9.528014594984914	5.103540136453103	7.898375541264082	0.7421451658341752	 	 	0.0	-1.885660254101773	5.103540136453103	4.8163301828651495	
2000-12-29	3.2545380685674505	9.484811080721107	6.865434401271936	4.8163301828651495	0.6192999179868242	Pristine Petroleum	Earl	11.309733552923255	3.2545380685674505	3.858874510591556	13.020045918900829	
2000-12-30	-1.095821240012167	9.44086795094696	4.72884170252651	13.020045918900829	0.8254917970738269	 	 	0.0	-1.095821240012167	4.72884170252651	9.854653929262245	
2000-12-31	-0.23732327336268175	9.396198155904514	5.682008192441306	9.854653929262245	0.8077580913997586	 	 	0.0	-0.23732327336268175	5.682008192441306	6.706995645297729	