Date	Air temperature	Underground temperature	Fuel temperature (start of day)	Fuel volume (start of day)	Amount of sales	Supplier name	Driver name	Refill volume	Refill temperature	Fuel temperature (end of day)	Fuel volume (end of day)
2000-1-1	-4.013650562906587	9.350814859987402	9.350814859987402	15.079644737231007	0.8511359794122839	 	 	0.0	-4.013650562906587	9.3508148599874	14.228508757818723	
2000-1-2	-1.523247336619308	9.304731437861237	9.344006106160268	14.228508757818723	0.8261513906747204	 	 	0.0	-1.523247336619308	9.344006106160268	13.402357367144003	
2000-1-3	-7.286353107627711	9.257961470522037	9.330509592102228	13.402357367144003	0.7960046939409708	 	 	0.0	-7.286353107627711	9.330509592102228	12.606352673203032	
2000-1-4	-7.678708228935939	9.210518741293853	9.310500325839508	12.606352673203032	0.766247230629976	 	 	0.0	-7.678708228935939	9.310500325839508	11.840105442573057	
2000-1-5	-6.302377131796358	9.162417231766746	9.284208985680792	11.840105442573057	0.7439660208120279	 	 	0.0	-6.302377131796358	9.284208985680792	11.096139421761029	
2000-1-6	-3.981594535183636	9.113671117676358	9.251901806988853	11.096139421761029	0.6533101134806722	 	 	0.0	-3.981594535183636	9.251901806988853	10.442829308280356	
2000-1-7	-8.051098628337977	9.064294764726249	9.21413889681836	10.442829308280356	0.6392980869150015	 	 	0.0	-8.051098628337977	9.21413889681836	9.803531221365354	
2000-1-8	-6.152288553387904	9.014302724354273	9.171293140034036	9.803531221365354	0.8894531985169988	 	 	0.0	-6.152288553387904	9.171293140034036	8.914078022848356	
2000-1-9	-1.9241445550765395	8.963709729444188	9.122347753585172	8.914078022848356	0.5692321543383357	 	 	0.0	-1.9241445550765395	9.122347753585172	8.34484586851002	
2000-1-10	-4.300830378418205	8.912530689983813	9.06950391135934	8.34484586851002	0.5666705828641521	 	 	0.0	-4.300830378418205	9.06950391135934	7.778175285645868	
2000-1-11	-7.044966006446265	8.860780688670982	9.013109064992921	7.778175285645868	0.9009533276807808	 	 	0.0	-7.044966006446265	9.013109064992921	6.78607603704781	
2000-1-12	-3.226954720860963	8.808474976468617	8.949739841075084	6.78607603704781	0.7024845955476167	 	 	0.0	-3.226954720860963	8.949739841075084	5.9924455205829155	
2000-1-13	-1.2899288445856782	8.755628968110182	8.881673205302606	5.9924455205829155	0.5331803066205343	 	 	0.0	-1.2899288445856782	8.881673205302606	5.368119293045104	
2000-1-14	-4.279804681294557	8.702258237556899	8.81144813980291	5.368119293045104	0.8254094994801928	 	 	0.0	-4.279804681294557	8.81144813980291	4.451563872647633	
2000-1-15	-3.4710877803061617	8.648378513408035	8.734485104121559	4.451563872647633	0.6432042352799283	Dodgy Diesel	Trevor	11.309733552923255	-3.4710877803061617	-0.38190321975976577	14.68695769187233	
2000-1-16	-1.9952793848369448	8.594005674265599	0.8891121117673235	14.686957691872328	0.5032797653641741	 	 	0.0	-1.9952793848369448	0.8891121117673235	14.092532005590876	
2000-1-17	-5.061655426166455	8.539155744054854	2.0196552772303256	14.092532005590876	0.7112567272888669	 	 	0.0	-5.061655426166455	2.0196552772303256	13.29012935738473	
2000-1-18	-4.736928343412013	8.483844887301991	3.0338905898751403	13.29012935738473	0.583910638211346	 	 	0.0	-4.736928343412013	3.0338905898751403	12.615072798256106	
2000-1-19	-2.076383553111014	8.428089404370374	3.9265329193097602	12.615072798256106	0.9219797933293313	 	 	0.0	-2.076383553111014	3.9265329193097602	11.539731323826564	
2000-1-20	-4.475909795589263	8.371905726656731	4.731505995238896	11.539731323826564	0.5773664942085127	 	 	0.0	-4.475909795589263	4.731505995238896	10.809003148517844	
2000-1-21	-2.3036185398405475	8.315310411748769	5.424954739653756	10.809003148517844	0.8878447436245251	 	 	0.0	-2.3036185398405475	5.424954739653756	9.767796723793111	
2000-1-22	-5.126924949594261	8.258320138545558	6.0321036348531765	9.767796723793111	0.6253340217368544	 	 	0.0	-5.126924949594261	6.0321036348531765	8.98910102095605	
2000-1-23	-2.7406703838648547	8.200951702342193	6.53745603728409	8.98910102095605	0.9879307315892568	 	 	0.0	-2.7406703838648547	6.53745603728409	7.847808608266584	
2000-1-24	-5.23238239342539	8.143222009880144	6.9662599084260135	7.847808608266584	0.6412571623398118	 	 	0.0	-5.23238239342539	6.9662599084260135	7.0531897648265645	
2000-1-25	-3.10352649930426	8.085148074364755	7.29886782792554	7.0531897648265645	0.6386158177061809	 	 	0.0	-3.10352649930426	7.29886782792554	6.261212266020176	
2000-1-26	-4.768620232353713	8.026747010451375	7.542700941191162	6.261212266020176	0.6276587450445534	 	 	0.0	-4.768620232353713	7.542700941191162	5.480191839875415	
2000-1-27	-0.8722249811343925	7.968036029201603	7.705534848120093	5.480191839875415	0.9399506032907375	 	 	0.0	-0.8722249811343925	7.705534848120093	4.38687955548447	
2000-1-28	-0.4771939628472493	7.909032433011087	7.802874879429472	4.38687955548447	0.8365691007037148	Dodgy Diesel	Francis	11.309733552923255	-0.4771939628472493	1.4607242458704293	14.514012806750014	
2000-1-29	-6.461658465583221	7.8497536105104535	2.37807071308096	14.514012806750014	0.5727888276613496	 	 	0.0	-6.461658465583221	2.37807071308096	13.78786229798846	
2000-1-30	-2.2892285765629254	7.790217031440776	3.1969092601969895	13.78786229798846	0.5968258797088447	 	 	0.0	-2.2892285765629254	3.19690926019699	13.037674737179408	
2000-1-31	-3.8190978499502326	7.73044024150518	3.922939938017857	13.037674737179408	0.5455578298466094	 	 	0.0	-3.8190978499502326	3.9229399380178567	12.338755226232587	
2000-2-1	-4.9372979372676475	7.670440857198027	4.55759469087678	12.338755226232587	0.5101521321148667	 	 	0.0	-4.9372979372676475	4.55759469087678	11.670233838779168	
2000-2-2	0.48482135185196534	7.61023656061327	5.104570855884284	11.670233838779168	0.6171131145387925	 	 	0.0	0.48482135185196534	5.104570855884284	10.894751468901825	
2000-2-3	-4.173962765764232	7.5498450942334445	5.574189526300154	10.894751468901825	0.8457834222398708	 	 	0.0	-4.173962765764232	5.574189526300154	9.890598791323402	
2000-2-4	0.15520021788044458	7.489284255700888	5.979538168538268	9.890598791323402	0.8551915688179573	 	 	0.0	0.15520021788044458	5.979538168538268	8.877037967166892	
2000-2-5	-2.571034089988805	7.428571892572686	6.321412562192065	8.877037967166892	0.8088066568214982	 	 	0.0	-2.571034089988805	6.321412562192065	7.909862055006841	
2000-2-6	-4.345392953787575	7.367725897060919	6.598561765534177	7.909862055006841	0.9801059416374391	 	 	0.0	-4.345392953787575	6.598561765534177	6.7713868580308505	
2000-2-7	-3.9728947095506046	7.306764200759745	6.81775849891254	6.7713868580308505	0.563002170837222	 	 	0.0	-3.9728947095506046	6.817758498912539	6.050015431855075	
2000-2-8	-2.1761386251720016	7.2457047693608745	6.966041944517469	6.050015431855075	0.9398961312512868	 	 	0.0	-2.1761386251720016	6.966041944517469	4.951750045265236	
2000-2-9	-1.5541888205018113	7.184565597359	7.058569503741653	4.951750045265236	0.5681000141282103	 	 	0.0	-1.5541888205018113	7.058569503741653	4.225280775798473	
2000-2-10	-3.320789107007212	7.123364702748735	7.090725592700782	4.225280775798473	0.530586914281332	Dodgy Diesel	Francis	11.309733552923255	-3.320789107007212	-0.8022004524029842	14.618701451251129	
2000-2-11	-5.540673631478874	7.062120121714632	0.3160928415213222	14.618701451251129	0.5853651071776212	 	 	0.0	-5.540673631478874	0.3160928415213223	13.874967088734957	
2000-2-12	-3.3177812791229364	7.000849903315829	1.3188405743617306	13.874967088734957	0.7829580751144338	 	 	0.0	-3.3177812791229364	1.3188405743617304	12.93363975828197	
2000-2-13	-4.142559480312133	6.939572104166917	2.224344063899732	12.93363975828197	0.6689955221199345	 	 	0.0	-4.142559480312133	2.224344063899732	12.106274980823482	
2000-2-14	-2.98368011421107	6.878304783116566	3.026140562389013	12.106274980823482	0.6328201268577645	 	 	0.0	-2.98368011421107	3.026140562389013	11.315085598627165	
2000-2-15	-3.29754007853565	6.817065995925503	3.7255378898503935	11.315085598627165	0.9477263941490751	 	 	0.0	-3.29754007853565	3.725537889850394	10.189049692811476	
2000-2-16	-4.416373249774312	6.755873789945397	4.34687803666233	10.189049692811476	0.88930761819375	 	 	0.0	-4.416373249774312	4.34687803666233	9.121432562951114	
2000-2-17	-1.5960999729669654	6.6947461988002175	4.885000944972275	9.121432562951114	0.8204589798942763	 	 	0.0	-1.5960999729669654	4.885000944972275	8.122664071390226	
2000-2-18	-5.555824545843525	6.63370123707165	5.335347042146653	8.122664071390226	0.5810475113025982	 	 	0.0	-5.555824545843525	5.335347042146654	7.363307048421015	
2000-2-19	-4.831876961326021	6.572756894990106	5.687058714910768	7.363307048421015	0.6198776845720712	 	 	0.0	-4.831876961326021	5.687058714910768	6.565119852182331	
2000-2-20	-1.275797155086983	6.51193113313293	5.950121545997076	6.565119852182331	0.7855540902973662	 	 	0.0	-1.275797155086983	5.950121545997075	5.601256250218353	
2000-2-21	-0.5135801276312576	6.451241877131328	6.137490907465406	5.601256250218354	0.8602171986370646	 	 	0.0	-0.5135801276312576	6.137490907465406	4.5627295399146774	
2000-2-22	1.3068214179903543	6.390707012387605	6.253742472470818	4.5627295399146774	0.8002318078214767	Pristine Petroleum	Arnold	11.309733552923255	1.3068214179903543	2.511096714118911	14.723125374944503	
2000-2-23	-1.6720298730365097	6.33034437880425	3.0523085599964497	14.723125374944503	0.7822932943589516	 	 	0.0	-1.6720298730365097	3.0523085599964497	13.76252256891894	
2000-2-24	-3.4529378503352404	6.2701717655264435	3.5404196347325816	13.76252256891894	0.9783566562265531	 	 	0.0	-3.4529378503352404	3.5404196347325816	12.605856401025772	
2000-2-25	-1.042956626966311	6.210206905699508	3.982791740132774	12.605856401025772	0.9081480916028735	 	 	0.0	-1.042956626966311	3.982791740132774	11.519398797756283	
2000-2-26	-1.4227258843914588	6.150467471242868	4.376034187491203	11.519398797756283	0.599593029112812	 	 	0.0	-1.4227258843914588	4.376034187491203	10.741496256976859	
2000-2-27	-5.719663839944842	6.09097106764206	4.709820248377786	10.741496256976859	0.8197784669942572	 	 	0.0	-5.719663839944842	4.709820248377786	9.74340827831599	
2000-2-28	-4.704669208633424	6.03173522876031	4.9935715785680195	9.74340827831599	0.7899112276855523	 	 	0.0	-4.704669208633424	4.9935715785680195	8.775187538963825	
2000-2-29	0.6783760520466088	5.972777411671226	5.227024498050924	8.775187538963825	0.6688858025868313	 	 	0.0	0.6783760520466088	5.227024498050924	7.927992224710383	
2000-3-1	6.267299906083335	5.914114991514117	5.408385846401771	7.927992224710383	0.7723357084346871	 	 	0.0	6.267299906083335	5.408385846401771	6.977347004609084	
2000-3-2	3.382795606156071	5.855765256373461	5.542590301820093	6.977347004609084	0.9573241079257748	 	 	0.0	3.382795606156071	5.542590301820093	5.841713385016698	
2000-3-3	3.4316161663827924	5.797745402184026	5.634024750238141	5.841713385016699	0.8090065734215504	 	 	0.0	3.4316161663827924	5.634024750238141	4.854397299928537	
2000-3-4	6.887345507269757	5.740072527663149	5.679760530831515	4.854397299928537	0.9115820776335302	Pristine Petroleum	Arnold	11.309733552923255	6.887345507269757	6.583723265205415	14.972422668914609	
2000-3-5	7.153576809499416	5.682763629271668	6.457610108881418	14.972422668914609	0.7476472526647631	 	 	0.0	7.153576809499416	6.457610108881418	14.046465904583235	
2000-3-6	4.871468793578247	5.625835596204983	6.333523497417062	14.046465904583236	0.545619620670272	 	 	0.0	4.871468793578247	6.333523497417062	13.322536772246352	
2000-3-7	3.542158572688232	5.569305205415735	6.213336601732827	13.322536772246352	0.7865228269246378	 	 	0.0	3.542158572688232	6.213336601732827	12.3577044336551	
2000-3-8	2.6352618194893607	5.513189116669562	6.094644870719868	12.3577044336551	0.6497260416472557	 	 	0.0	2.6352618194893607	6.094644870719868	11.529668880341234	
2000-3-9	3.0116145836806822	5.457503867635387	5.9788923921737185	11.529668880341232	0.5822846216489135	 	 	0.0	3.0116145836806822	5.9788923921737185	10.769074747025707	
2000-3-10	2.03831019844907	5.402265869011691	5.866749417938756	10.769074747025707	0.8181511795453077	 	 	0.0	2.03831019844907	5.866749417938756	9.772614055813788	
2000-3-11	7.469639163334115	5.3474913996902105	5.755480382629098	9.772614055813788	0.7507232834889455	 	 	0.0	7.469639163334115	5.755480382629098	8.843581260658231	
2000-3-12	1.7797166270289624	5.293196601958464	5.646027101711951	8.843581260658231	0.769239183197004	 	 	0.0	1.7797166270289624	5.646027101711951	7.896032565794615	
2000-3-13	1.8127157284268842	5.239397476742557	5.538210483919353	7.896032565794615	0.5905514918413554	 	 	0.0	1.8127157284268842	5.538210483919353	7.127171562286647	
2000-3-14	6.423483166376372	5.18610987889162	5.43479316105412	7.127171562286647	0.9473231695395496	 	 	0.0	6.423483166376372	5.434793161054119	6.001538881080485	
2000-3-15	4.654046108869497	5.133349512505332	5.3296605420273115	6.001538881080485	0.8718505706859152	 	 	0.0	4.654046108869497	5.3296605420273115	4.9513787987279585	
2000-3-16	5.845664936507099	5.081131926305831	5.224611127683935	4.9513787987279585	0.9737994956852467	 	 	0.0	5.845664936507099	5.224611127683935	3.7992697913761	
2000-3-17	4.166834369868499	5.029472509055449	5.117129077302704	3.7992697913761	0.6120005339684167	Pristine Petroleum	Josh	11.309733552923255	4.166834369868499	4.368439797299841	14.183142575534575	
2000-3-18	2.137217517943594	4.97838648502156	4.458348265080566	14.183142575534575	0.94800942099759	 	 	0.0	2.137217517943594	4.458348265080566	13.056823642870373	
2000-3-19	1.5341972121317253	4.927888909489932	4.533538259515444	13.056823642870373	0.695584107248065	 	 	0.0	1.5341972121317253	4.533538259515444	12.182930023955697	
2000-3-20	2.58601114957375	4.877994664327853	4.592659434212783	12.182930023955699	0.6666131729237423	 	 	0.0	2.58601114957375	4.592659434212783	11.338007339365344	
2000-3-21	8.40209579892151	4.828718453598386	4.636197870200648	11.338007339365344	0.667959290522778	 	 	0.0	8.40209579892151	4.636197870200648	10.491738537175952	
2000-3-22	7.148395602932144	4.780074799227007	4.664876182472129	10.491738537175952	0.5526971104374442	 	 	0.0	7.148395602932144	4.664876182472129	9.760731915071895	
2000-3-23	2.362458742875049	4.732078036721932	4.679274858078757	9.760731915071895	0.5458870726993149	 	 	0.0	2.362458742875049	4.679274858078757	9.036535330705968	
2000-3-24	2.7538448461108422	4.684742310949372	4.680540216894597	9.036535330705968	0.6289622022603213	 	 	0.0	2.7538448461108422	4.680540216894597	8.229263616779035	
2000-3-25	6.528299438056258	4.638081571964983	4.669749846292003	8.229263616779035	0.9495578989445301	 	 	0.0	6.528299438056258	4.669749846292003	7.101396206167893	
2000-3-26	2.688410633994397	4.592109570902711	4.646884944404327	7.101396206167893	0.8668165977502951	 	 	0.0	2.688410633994397	4.646884944404327	6.056270096750987	
2000-3-27	3.049314078469901	4.546839855922282	4.612338324338922	6.056270096750988	0.8545769211098769	 	 	0.0	3.049314078469901	4.612338324338922	5.023383663974499	
2000-3-28	3.0000959499567	4.502285768216483	4.5665239031416425	5.023383663974499	0.6647351844917243	 	 	0.0	3.0000959499567	4.5665239031416425	4.180338967816163	
2000-3-29	6.01303566353922	4.458460438079462	4.512467918030015	4.180338967816163	0.6392387800975853	Dodgy Diesel	Trevor	11.309733552923255	6.01303566353922	5.649694099478016	13.888020866593383	
2000-3-30	3.869422666289235	4.415376781037168	5.463620891214656	13.888020866593383	0.7200842496835421	 	 	0.0	3.869422666289235	5.463620891214656	12.989627105243226	
2000-3-31	2.4677652038193645	4.373047494041082	5.2878827387027165	12.989627105243226	0.5699450896473354	 	 	0.0	2.4677652038193645	5.2878827387027165	12.241372503929275	
2000-4-1	3.6840566417419356	4.331485051726371	5.1243774925049745	12.241372503929275	0.9018604267912198	 	 	0.0	3.6840566417419356	5.1243774925049745	11.161202565471443	
2000-4-2	3.1510984940296027	4.290701702735555	4.968087620375144	11.161202565471443	0.878424333122538	 	 	0.0	3.1510984940296027	4.968087620375144	10.104468720682293	
2000-4-3	7.4725927580485765	4.250709466108774	4.819561057090038	10.104468720682293	0.7141786596267887	 	 	0.0	7.4725927580485765	4.819561057090038	9.211980549388892	
2000-4-4	5.128747063834896	4.211520127741725	4.681497884641961	9.211980549388892	0.6176736842123174	 	 	0.0	5.128747063834896	4.681497884641961	8.415997353509963	
2000-4-5	6.53482256227917	4.173145236912301	4.555172343765774	8.415997353509963	0.6204047246629548	 	 	0.0	6.53482256227917	4.555172343765773	7.617283117180396	
2000-4-6	4.991268144223914	4.13559610287697	4.439991109223159	7.617283117180396	0.5366640040280498	 	 	0.0	4.991268144223914	4.439991109223159	6.902309601485735	
2000-4-7	7.095755613713165	4.098883791537878	4.336664500210683	6.902309601485735	0.9552008835956326	 	 	0.0	7.095755613713165	4.336664500210683	5.768799206223489	
2000-4-8	2.4663433596065967	4.063019122181686	4.237497172210835	5.768799206223489	0.8686231850766268	 	 	0.0	2.4663433596065967	4.237497172210835	4.72186650948025	
2000-4-9	6.53077582858068	4.028012664291069	4.144759440646835	4.72186650948025	0.5486886543132451	 	 	0.0	6.53077582858068	4.144759440646835	3.9948683435003933	
2000-4-10	4.612473161631435	3.9938747344298453	4.065815926855905	3.9948683435003933	0.5316563159719417	Pristine Petroleum	Earl	11.309733552923255	4.612473161631435	4.4883275883832665	14.464597317848405	
2000-4-11	9.110300894031374	3.960615393202637	4.412044267434986	14.464597317848405	0.860918390070038	 	 	0.0	9.110300894031374	4.412044267434986	13.425369416111753	
2000-4-12	2.638202217210805	3.9282444422899623	4.336701493353176	13.425369416111753	0.7224030974004573	 	 	0.0	2.638202217210805	4.336701493353176	12.524656807044686	
2000-4-13	2.770586786217376	3.8967714215596354	4.263269765017547	12.524656807044684	0.9013575528962656	 	 	0.0	2.770586786217376	4.263269765017547	11.444989742481807	
2000-4-14	3.2053168510925345	3.8662056062553254	4.190746737396687	11.444989742481807	0.6688589710664588	 	 	0.0	3.2053168510925345	4.190746737396687	10.539269579999978	
2000-4-15	4.972323433855433	3.8365560042630986	4.120500595002922	10.539269579999978	0.9146765784889223	 	 	0.0	4.972323433855433	4.120500595002922	9.387731810095685	
2000-4-16	5.592208410543342	3.8078313534567507	4.05088820686507	9.387731810095685	0.6235868694126657	 	 	0.0	5.592208410543342	4.05088820686507	8.52728374926765	
2000-4-17	6.203763236177747	3.78004011912272	3.984507226590271	8.52728374926765	0.5320201942409272	 	 	0.0	6.203763236177747	3.984507226590271	7.758402363611352	
2000-4-18	2.8356895589893987	3.7531904914653254	3.9222009975103065	7.758402363611352	0.6545399933086936	 	 	0.0	2.8356895589893987	3.922200997510307	6.867001178887288	
2000-4-19	2.1997865666960394	3.7272903831930746	3.862890010542692	6.867001178887288	0.7300476912548262	 	 	0.0	2.1997865666960394	3.862890010542692	5.9000922962170925	
2000-4-20	2.487279811448605	3.702347427186756	3.8060348703148024	5.9000922962170925	0.5181708421116936	 	 	0.0	2.487279811448605	3.8060348703148024	5.14506026269003	
2000-4-21	4.128546327862413	3.6783689742499917	3.754191238536432	5.14506026269003	0.538356742693491	 	 	0.0	4.128546327862413	3.7541912385364324	4.36984232858117	
2000-4-22	3.5109934650862518	3.655362090942922	3.7069408516898847	4.36984232858117	0.6893013716147647	Dodgy Diesel	Trevor	11.309733552923255	3.5109934650862518	3.5571803992876854	14.609760574638655	
2000-4-23	6.4114238929747485	3.6333335574996575	3.568068103139391	14.609760574638655	0.5322321357137754	 	 	0.0	6.4114238929747485	3.568068103139391	13.840667247509508	
2000-4-24	3.7973027021054495	3.612289865830115	3.5747419421943487	13.840667247509508	0.6667838036134903	 	 	0.0	3.7973027021054495	3.5747419421943487	12.937022252480649	
2000-4-25	2.5622424803563186	3.592237217606817	3.5775667335139434	12.937022252480649	0.9208776527975676	 	 	0.0	2.5622424803563186	3.5775667335139434	11.779283408267712	
2000-4-26	5.162169564637242	3.5731815224372365	3.5767891037062127	11.779283408267712	0.9372977204209374	 	 	0.0	5.162169564637242	3.5767891037062127	10.605124496431404	
2000-4-27	7.99097573066913	3.5551283961222047	3.572522741112953	10.605124496431404	0.6448483492064203	 	 	0.0	7.99097573066913	3.572522741112953	9.723414955809615	
2000-4-28	2.7894458647992924	3.5380831590009088	3.5651243395634276	9.723414955809615	0.7319943892101596	 	 	0.0	2.7894458647992924	3.5651243395634276	8.754559375184085	
2000-4-29	5.677763763290028	3.5220508343829664	3.554847224578125	8.754559375184085	0.9171969605377355	 	 	0.0	5.677763763290028	3.554847224578125	7.600501223230982	
2000-4-30	3.0187280360751587	3.5070361470680287	3.5417077906000234	7.600501223230982	0.8741906683302187	 	 	0.0	3.0187280360751587	3.5417077906000234	6.489449363485393	
2000-5-1	8.134960899669528	3.4930435219533646	3.5260443774696766	6.489449363485394	0.9718222956358915	 	 	0.0	8.134960899669528	3.526044377469676	5.280765876434134	
2000-5-2	10.246300759346044	3.480077082729821	3.507862925574577	5.280765876434134	0.5629218165490674	 	 	0.0	10.246300759346044	3.507862925574577	4.480982868469697	
2000-5-3	6.386568217158124	3.4681406506665513	3.489347716148406	4.480982868469697	0.9457717209093599	Pristine Petroleum	Josh	11.309733552923255	6.386568217158124	5.727532395445074	14.500042027470393	
2000-5-4	6.7095552986731235	3.457237743484874	5.399703061178855	14.500042027470393	0.5364326579345715	 	 	0.0	6.7095552986731235	5.399703061178855	13.644273486046252	
2000-5-5	7.3971034437062135	3.4473715743215774	5.100214507105994	13.644273486046252	0.6021969140185939	 	 	0.0	7.3971034437062135	5.100214507105994	12.72274068853809	
2000-5-6	7.065234963203324	3.4385450507819995	4.826941348961846	12.72274068853809	0.6504809899457465	 	 	0.0	7.065234963203324	4.826941348961846	11.752923815102776	
2000-5-7	9.452275309928327	3.430760774083142	4.578458014846012	11.752923815102777	0.7890273716465852	 	 	0.0	9.452275309928327	4.578458014846012	10.644560559966624	
2000-5-8	3.8062994064498787	3.4240210382870755	4.351667637296903	10.644560559966624	0.6333161554182856	 	 	0.0	3.8062994064498787	4.351667637296903	9.69190852105877	
2000-5-9	8.116505676981161	3.418327829624875	4.150339901036072	9.69190852105877	0.8023686289335226	 	 	0.0	8.116505676981161	4.150339901036072	8.570204008635677	
2000-5-10	7.912360687060054	3.4136828259112657	3.9706802350447523	8.570204008635677	0.6812993356727206	 	 	0.0	7.912360687060054	3.9706802350447523	7.569568789473387	
2000-5-11	2.5554372900196136	3.4100873960501614	3.8159174714912374	7.569568789473387	0.7677505151826649	 	 	0.0	2.5554372900196136	3.8159174714912374	6.482482390801151	
2000-5-12	3.219130264383312	3.4075425996312454	3.6842939828390366	6.482482390801151	0.699972449295287	 	 	0.0	3.219130264383312	3.6842939828390366	5.4631740580162935	
2000-5-13	6.929466924530498	3.4060491866177016	3.5778957213924643	5.4631740580162935	0.578520718200452	 	 	0.0	6.929466924530498	3.577895721392464	4.56531745632627	
2000-5-14	3.635775002915898	3.4056075971252016	3.4990667632878605	4.56531745632627	0.9329062223793996	Pristine Petroleum	Arnold	11.309733552923255	3.635775002915898	3.604497177931717	14.48069676024899	
2000-5-15	5.97500191434942	3.4062179612921946	3.5758948135749242	14.48069676024899	0.8754377995595446	 	 	0.0	5.97500191434942	3.5758948135749242	13.276791227826637	
2000-5-16	5.615613912080693	3.4078800992415594	3.5494613144308245	13.276791227826637	0.7458430882260143	 	 	0.0	5.615613912080693	3.5494613144308245	12.202480406737813	
2000-5-17	3.0393940760348577	3.4105935211336127	3.5256906572830067	12.202480406737813	0.9826359353725134	 	 	0.0	3.0393940760348577	3.5256906572830067	10.89137673850249	
2000-5-18	4.731535108675702	3.4143574273104687	3.504339649078354	10.89137673850249	0.6504973502060833	 	 	0.0	4.731535108675702	3.5043396490783536	9.912411655433598	
2000-5-19	11.797069696309968	3.4191707085317016	3.4863936342144655	9.912411655433598	0.6372002427158983	 	 	0.0	11.797069696309968	3.4863936342144655	8.94674367985489	
2000-5-20	10.288003191586975	3.425031946301242	3.4720687937521864	8.94674367985489	0.540254839506135	 	 	0.0	10.288003191586975	3.4720687937521864	8.078021107485947	
2000-5-21	8.124189880101325	3.431939413285417	3.4616933164351535	8.078021107485947	0.8397031044294029	 	 	0.0	8.124189880101325	3.4616933164351535	6.909850270193738	
2000-5-22	8.133151939899857	3.4398910738220008	3.4551034264561165	6.909850270193738	0.5915376312836522	 	 	0.0	8.133151939899857	3.4551034264561165	5.945755223089053	
2000-5-23	3.830266492127949	3.448884584520137	3.452918962107937	5.945755223089053	0.61250741695415	 	 	0.0	3.830266492127949	3.452918962107937	4.960690390313871	
2000-5-24	8.695991264702934	3.4589172949509406	3.455444360259519	4.960690390313871	0.682160766231593	 	 	0.0	8.695991264702934	3.455444360259519	3.9059722082612454	
2000-5-25	6.651599467831644	3.4699862484286004	3.4632199669356813	3.9059722082612454	0.7620047072098652	Dodgy Diesel	Trevor	11.309733552923255	6.651599467831644	5.976040660561052	13.079996899197337	
2000-5-26	7.3290638310361755	3.48208818288172	5.5767078392487495	13.079996899197337	0.6508676291070835	 	 	0.0	7.3290638310361755	5.5767078392487495	12.05657185426922	
2000-5-27	6.083477975796242	3.495219531814668	5.215287661171568	12.05657185426922	0.8647145232884847	 	 	0.0	6.083477975796242	5.215287661171568	10.8192999151597	
2000-5-28	9.293426749351855	3.5093764253586426	4.885339558224119	10.8192999151597	0.5437060911630235	 	 	0.0	9.293426749351855	4.885339558224119	9.903036408175643	
2000-5-29	7.128640825299112	3.524554691412137	4.59789719731802	9.903036408175643	0.7798540250102082	 	 	0.0	7.128640825299112	4.59789719731802	8.750624967344402	
2000-5-30	11.386185724270463	3.5407498568704767	4.345265449237291	8.750624967344402	0.7365813026498267	 	 	0.0	11.386185724270463	4.345265449237291	7.641486248873542	
2000-5-31	9.761872156962264	3.557957148944068	4.129869741453311	7.6414862488735436	0.517403447005624	 	 	0.0	9.761872156962264	4.129869741453311	6.751525386046887	
2000-6-1	11.821100248489467	3.5761714965649545	3.9584590959405728	6.751525386046889	0.7790863306030655	 	 	0.0	11.821100248489467	3.9584590959405723	5.599881639622791	
2000-6-2	8.00500265398658	3.5953875318812907	3.8229721079652355	5.599881639622791	0.8202289982626145	 	 	0.0	8.00500265398658	3.8229721079652355	4.407095225539145	
2000-6-3	10.365539726842393	3.6155995918392674	3.724657538223051	4.407095225539145	0.5794638823067036	Pristine Petroleum	Earl	11.309733552923255	10.365539726842393	8.805354314579565	14.70641804785973	
2000-6-4	9.873414532247965	3.6368017198520435	8.066972805908309	14.70641804785973	0.9080595365675634	 	 	0.0	9.873414532247965	8.066972805908309	13.42580109547113	
2000-6-5	7.576938857286848	3.6589876675551762	7.377745891592908	13.42580109547113	0.7985288684639902	 	 	0.0	7.576938857286848	7.377745891592908	12.254714811186105	
2000-6-6	8.75414241566196	3.682150896648046	6.74517237330206	12.254714811186103	0.8450070385669637	 	 	0.0	8.75414241566196	6.74517237330206	11.022174060964435	
2000-6-7	7.901035389613849	3.706284580820721	6.167246247840914	11.022174060964435	0.8968406744537187	 	 	0.0	7.901035389613849	6.167246247840914	9.737799674856012	
2000-6-8	11.486486585372385	3.7313816077657025	5.643237117790161	9.737799674856012	0.5094394697045911	 	 	0.0	11.486486585372385	5.643237117790161	8.840826493496717	
2000-6-9	12.082237945965646	3.7574345812739565	5.196658809469097	8.840826493496717	0.7910400744485488	 	 	0.0	12.082237945965646	5.196658809469097	7.662252707393464	
2000-6-10	10.99777881120294	3.784435823414608	4.810979616766854	7.662252707393464	0.7798349505254771	 	 	0.0	10.99777881120294	4.810979616766854	6.494884045213281	
2000-6-11	16.6280451320845	3.8123773767976643	4.489380346640129	6.494884045213281	0.7276662120360284	 	 	0.0	16.6280451320845	4.489380346640129	5.379684121522548	
2000-6-12	10.104924194995155	3.841251006919093	4.237471035463044	5.379684121522548	0.5199620962607562	 	 	0.0	10.104924194995155	4.237471035463044	4.472188313607086	
2000-6-13	7.900728420651127	3.8710482045875687	4.066201273821774	4.472188313607086	0.9858704784368794	Dodgy Diesel	Trevor	11.309733552923255	7.900728420651127	7.0709143924854985	14.319319076891171	
2000-6-14	15.680613669671052	3.9017601884321707	6.60682363150853	14.319319076891171	0.5023933778247038	 	 	0.0	15.680613669671052	6.606823631508531	13.429391987411762	
2000-6-15	10.271587044650152	3.933377907490295	6.1895957817835345	13.429391987411762	0.872107303353819	 	 	0.0	10.271587044650152	6.1895957817835345	12.169750972403238	
2000-6-16	7.472708632311357	3.96589204387501	5.806812874954642	12.169750972403238	0.8362143203830338	 	 	0.0	7.472708632311357	5.806812874954642	10.946002940365497	
2000-6-17	12.28307286545222	3.999293015521086	5.46103235392149	10.9460029403655	0.536285902309988	 	 	0.0	12.28307286545222	5.46103235392149	10.022183326400807	
2000-6-18	9.237592701561285	4.03357097900887	5.162900336882755	10.022183326400807	0.7474430284330572	 	 	0.0	9.237592701561285	5.162900336882755	8.887206586313045	
2000-6-19	8.308532529205218	4.0687158324651875	4.905275072433764	8.887206586313045	0.5077453458597087	 	 	0.0	8.308532529205218	4.905275072433764	7.991927528798633	
2000-6-20	10.932560730541999	4.1047172185404115	4.695728554713899	7.991927528798633	0.6564999473906472	 	 	0.0	10.932560730541999	4.695728554713899	6.94789386975328	
2000-6-21	15.369462455103601	4.141564527460824	4.528917947540927	6.94789386975328	0.5177096170715881	 	 	0.0	15.369462455103601	4.528917947540927	6.042650541026986	
2000-6-22	8.718937348294448	4.179246900155356	4.407916514268088	6.042650541026987	0.7632624187012955	 	 	0.0	8.718937348294448	4.407916514268088	4.891854410670986	
2000-6-23	8.285511440226252	4.217753231455816	4.326642201999897	4.891854410670986	0.5831741196538469	 	 	0.0	8.285511440226252	4.326642201999897	3.9211465793624334	
2000-6-24	14.569604444948027	4.257072173369627	4.289551059950668	3.9211465793624334	0.6308602308405677	Dodgy Diesel	Trevor	11.309733552923255	14.569604444948027	12.307190616481723	13.189652438902026	
2000-6-25	8.408745796022089	4.297192138424135	11.02629890198844	13.189652438902026	0.7431307912367267	 	 	0.0	8.408745796022089	11.02629890198844	12.058987936010594	
2000-6-26	12.64826735676249	4.3381013030814914	9.858169453578245	12.058987936010592	0.8384361130732562	 	 	0.0	12.64826735676249	9.858169453578245	10.83301811128263	
2000-6-27	8.64644408804721	4.379787611223099	8.794441978594254	10.83301811128263	0.7482052476666974	 	 	0.0	8.64644408804721	8.794441978594254	9.69727915196123	
2000-6-28	10.796570367336052	4.422238777702612	7.84719342835193	9.69727915196123	0.9035999071077612	 	 	0.0	10.796570367336052	7.847193428351929	8.406145533198764	
2000-6-29	11.064116265138821	4.4654422919664185	7.002885221867039	8.406145533198764	0.5437837293443014	 	 	0.0	11.064116265138821	7.002885221867039	7.419303145814276	
2000-6-30	8.547098175556128	4.509385421740566	6.298199701059353	7.419303145814278	0.7744263867806751	 	 	0.0	8.547098175556128	6.298199701059353	6.201818100993417	
2000-7-1	13.601391983741395	4.554055216783011	5.708985726411926	6.201818100993417	0.9418063424629752	 	 	0.0	13.601391983741395	5.708985726411926	4.816953100490256	
2000-7-2	16.17092407541833	4.5994385127001225	5.226705685296937	4.816953100490256	0.6861514184735592	Pristine Petroleum	Arnold	11.309733552923255	16.17092407541833	13.48250206852036	15.012325043274851	
2000-7-3	18.075510675454513	4.645521934826288	12.239306429599939	15.012325043274851	0.760872701597923	 	 	0.0	18.075510675454513	12.239306429599939	13.808393683636744	
2000-7-4	15.488620428035247	4.692291902165486	11.086616636621068	13.808393683636744	0.5892320750530657	 	 	0.0	15.488620428035247	11.086616636621066	12.77610295054349	
2000-7-5	24.319754308810705	4.739734631393672	10.040249807417208	12.77610295054349	0.5178356241747624	 	 	0.0	24.319754308810705	10.040249807417208	11.815208668328545	
2000-7-6	12.412648064767396	4.7878361409207795	9.104988164851475	11.815208668328545	0.8026708530043317	 	 	0.0	12.412648064767396	9.104988164851475	10.569479157284025	
2000-7-7	24.740874624527077	4.8365822550111695	8.256246268001552	10.569479157284025	0.8997080600250211	 	 	0.0	24.740874624527077	8.256246268001552	9.226712439218817	
2000-7-8	18.827764581172598	4.8859586079612765	7.489284621560976	9.226712439218817	0.9756367336607739	 	 	0.0	18.827764581172598	7.489284621560976	7.8080170475178585	
2000-7-9	23.361145399136532	4.935950648333252	6.803242939114047	7.8080170475178585	0.5760848781371185	 	 	0.0	23.361145399136532	6.803242939114048	6.7888735113405545	
2000-7-10	18.86210300071241	4.986543643243337	6.242274740907372	6.7888735113405545	0.7243921111083553	 	 	0.0	18.86210300071241	6.242274740907371	5.621422742192013	
2000-7-11	17.645044621856954	5.037722682703714	5.7933619313276665	5.6214227421920135	0.9229107530233238	 	 	0.0	17.645044621856954	5.7933619313276665	4.255453331128504	
2000-7-12	15.017576001120217	5.089472684016544	5.447004084264266	4.255453331128504	0.56173459799143	Dodgy Diesel	Trevor	11.309733552923255	15.017576001120217	12.880944174998328	14.56061622110855	
2000-7-13	18.38891361956036	5.141778396218909	11.759168541055239	14.560616221108553	0.79451946955797	 	 	0.0	18.38891361956036	11.759168541055239	13.247102673891483	
2000-7-14	14.250256924087195	5.194624404577344	10.714613384388786	13.247102673891483	0.8647697002704456	 	 	0.0	14.250256924087195	10.714613384388786	11.863338895961943	
2000-7-15	24.71383518968054	5.247995135130624	9.744430365596443	11.863338895961943	0.6923198031119532	 	 	0.0	24.71383518968054	9.744430365596443	10.652025015190892	
2000-7-16	18.3578916621049	5.30187485927949	8.867281634946425	10.652025015190892	0.8171346465573093	 	 	0.0	18.3578916621049	8.867281634946425	9.315896290974486	
2000-7-17	20.705527944756493	5.356247698421926	8.075402188233298	9.315896290974486	0.5425007230537707	 	 	0.0	20.705527944756493	8.075402188233298	8.254401490261618	
2000-7-18	14.97754995376041	5.411097628632671	7.397815816736355	8.254401490261618	0.8841046992595953	 	 	0.0	14.97754995376041	7.397815816736355	6.851302713342925	
2000-7-19	21.822001195138597	5.466408485385532	6.806471751762417	6.851302713342924	0.5059366823835353	 	 	0.0	21.822001195138597	6.806471751762417	5.82637195330029	
2000-7-20	14.414919239335774	5.522163968317152	6.344383023645129	5.82637195330029	0.6378325573482778	 	 	0.0	14.414919239335774	6.344383023645129	4.669545318292914	
2000-7-21	21.581035959620603	5.578347646030793	6.000662013265482	4.669545318292914	0.9142992101934191	Pristine Petroleum	Earl	11.309733552923255	21.581035959620603	18.13454293706862	14.629948904285621	
2000-7-22	14.60395447713826	5.634942960938757	16.32069338475118	14.629948904285621	0.7915966514577241	 	 	0.0	14.60395447713826	16.32069338475118	13.319358175168803	
2000-7-23	17.110755618132078	5.691933234141968	14.630007359099732	13.319358175168803	0.8037452341796965	 	 	0.0	17.110755618132078	14.630007359099734	11.996618863330008	
2000-7-24	22.54353839523066	5.749301670345331	13.064591853895696	11.996618863330008	0.7115400116968549	 	 	0.0	22.54353839523066	13.064591853895696	10.766084773974057	
2000-7-25	18.304884087151592	5.807031362807381	11.641563397137467	10.766084773974057	0.8797050825726104	 	 	0.0	18.304884087151592	11.641563397137467	9.36738561374235	
2000-7-26	18.762292602384615	5.865105298322771	10.341890825255147	9.36738561374235	0.7517535216037337	 	 	0.0	18.762292602384615	10.341890825255147	8.096638014479518	
2000-7-27	21.85809386494721	5.923506362236149	9.193419166493552	8.096638014479518	0.792701400468007	 	 	0.0	21.85809386494721	9.193419166493552	6.784942536352413	
2000-7-28	19.6961671760396	5.982217343485923	8.198637739702002	6.784942536352413	0.8345352094889258	 	 	0.0	19.6961671760396	8.198637739702002	5.43141324920439	
2000-7-29	17.74050718248484	6.041220939676437	7.3646741960652555	5.43141324920439	0.9075395436250997	 	 	0.0	17.74050718248484	7.3646741960652555	4.004879627920192	
2000-7-30	16.773543395533345	6.100499762177071	6.702547530724691	4.004879627920192	0.6894044435447944	Dodgy Diesel	Trevor	11.309733552923255	16.773543395533345	14.64352907858061	13.222141014548091	
2000-7-31	21.68872537649727	6.160036341246748	13.286714517109091	13.222141014548091	0.766031607336452	 	 	0.0	21.68872537649727	13.286714517109091	11.93711532955254	
2000-8-1	10.69404864722082	6.219813131182345	12.036691074466068	11.93711532955254	0.5163801922877708	 	 	0.0	10.69404864722082	12.036691074466068	10.810928888540452	
2000-8-2	13.9855688342827	6.279812515489498	10.913881105325075	10.810928888540452	0.9475852913628316	 	 	0.0	13.9855688342827	10.913881105325075	9.253537348453305	
2000-8-3	15.57160841633408	6.340016812074256	9.87296960713442	9.253537348453305	0.6779049375629312	 	 	0.0	15.57160841633408	9.87296960713442	7.872569490061526	
2000-8-4	14.683459992890173	6.400408278454081	8.945140217769534	7.872569490061526	0.6634473936817433	 	 	0.0	14.683459992890173	8.945140217769534	6.506059175550937	
2000-8-5	13.142095557385607	6.460969116986638	8.142816202230701	6.506059175550937	0.991400268538291	 	 	0.0	13.142095557385607	8.142816202230701	4.811595986183798	
2000-8-6	9.32877064533161	6.521681480114839	7.4354751399659165	4.811595986183798	0.5850830069044262	Dodgy Diesel	Trevor	11.309733552923255	9.32877064533161	8.855235509311544	14.08751252359485	
2000-8-7	13.817041190331402	6.5825274756266055	8.516272581191757	14.08751252359485	0.6258471635018221	 	 	0.0	13.817041190331402	8.516272581191757	12.698573292298695	
2000-8-8	10.120261142181585	6.643489171927779	8.20652222840678	12.698573292298695	0.9184305552414105	 	 	0.0	10.120261142181585	8.20652222840678	11.017050669262959	
2000-8-9	12.434249215686696	6.704548603326651	7.9202846677913135	11.017050669262959	0.5509133751463996	 	 	0.0	12.434249215686696	7.9202846677913135	9.70304522632223	
2000-8-10	11.192388820895838	6.765687775328525	7.67052985651551	9.70304522632223	0.9224378069295359	 	 	0.0	11.192388820895838	7.67052985651551	8.017515351598364	
2000-8-11	15.199022026855078	6.82688866993879	7.4497349647238975	8.017515351598364	0.9029808427287448	 	 	0.0	15.199022026855078	7.4497349647238975	6.3514424410752905	
2000-8-12	15.125142987760901	6.888133250972893	7.264244915070961	6.3514424410752905	0.5194509979159997	 	 	0.0	15.125142987760901	7.264244915070961	5.06889937536496	
2000-8-13	17.759090316951287	6.9494034693716955	7.133972235202838	5.06889937536496	0.906885655152922	Pristine Petroleum	Josh	11.309733552923255	17.759090316951287	15.309642063993536	14.74370559326635	
2000-8-14	14.734022263511177	7.010681268520608	14.118431376794016	14.74370559326635	0.5161446899383363	 	 	0.0	14.734022263511177	14.118431376794016	13.464468835533683	
2000-8-15	16.802581161386136	7.071948589570959	13.01237930506154	13.464468835533683	0.6730839010118883	 	 	0.0	16.802581161386136	13.012379305061538	12.028292866727467	
2000-8-16	11.867585561599887	7.133187376762022	11.980642260632234	12.028292866727467	0.9237033323321274	 	 	0.0	11.867585561599887	11.980642260632234	10.341497466601009	
2000-8-17	9.27859107393061	7.194379582742128	11.004825808188107	10.341497466601009	0.6023033451522032	 	 	0.0	9.27859107393061	11.004825808188107	8.976102053654476	
2000-8-18	13.925027631722719	7.255507173887307	10.12510085639606	8.976102053654476	0.529768503888895	 	 	0.0	13.925027631722719	10.12510085639606	7.68324148197125	
2000-8-19	16.761241687861467	7.316552135615875	9.355980840562353	7.68324148197125	0.9729852245018169	 	 	0.0	16.761241687861467	9.355980840562353	5.947164189675103	
2000-8-20	9.038085995497061	7.377496477697419	8.656610056621187	5.947164189675103	0.7235463611543581	 	 	0.0	9.038085995497061	8.656610056621187	4.460525760726415	
2000-8-21	15.325141266946632	7.438322239554594	8.082875779897297	4.460525760726415	0.5542937441023549	Pristine Petroleum	Earl	11.309733552923255	15.325141266946632	13.752040156962533	14.45326328486388	
2000-8-22	11.275582901774959	7.499011495556196	12.838055425522096	14.45326328486388	0.830545415520295	 	 	0.0	11.275582901774959	12.838055425522096	12.855896380677837	
2000-8-23	9.826974163756558	7.559546360299921	11.97153319502042	12.855896380677837	0.6618252742200297	 	 	0.0	9.826974163756558	11.97153319502042	11.427249617792057	
2000-8-24	15.349459830290629	7.619908993883275	11.168635353215896	11.427249617792059	0.6446479265574729	 	 	0.0	15.349459830290629	11.168635353215896	10.015780202568836	
2000-8-25	12.196159719385278	7.680081607161082	10.434928983615004	10.015780202568836	0.6918687027355218	 	 	0.0	12.196159719385278	10.434928983615004	8.557090011167563	
2000-8-26	13.41124020595957	7.740046466988018	9.772071364950285	8.557090011167563	0.7181048856254203	 	 	0.0	13.41124020595957	9.772071364950285	7.072163636876391	
2000-8-27	9.77876534913846	7.7997859014446576	9.18552359109282	7.072163636876393	0.7827371167957771	 	 	0.0	9.77876534913846	9.18552359109282	5.522605031414867	
2000-8-28	11.956816880110475	7.859282305045465	8.680768178613281	5.522605031414867	0.7841732799821113	 	 	0.0	11.956816880110475	8.680768178613281	3.9716102627670047	
2000-8-29	11.620135337816743	7.918518143927216	8.27759703399602	3.9716102627670047	0.6671031708818651	Pristine Petroleum	Arnold	11.309733552923255	11.620135337816743	11.005687781630487	13.80477674036672	
2000-8-30	14.641159421345748	7.9774759610162995	10.543690285540455	13.804776740366723	0.9532341745955457	 	 	0.0	14.641159421345748	10.543690285540455	12.084721077105426	
2000-8-31	14.428223349671692	8.036138381173409	10.106900531781973	12.084721077105426	0.8200896773971778	 	 	0.0	14.428223349671692	10.106900531781973	10.497809911042498	
2000-9-1	11.534353294222234	8.094488116314064	9.703565341250345	10.497809911042498	0.9936665181775481	 	 	0.0	11.534353294222234	9.703565341250345	8.7373219041992	
2000-9-2	19.384980197505914	8.1525079705035	9.330227232447015	8.7373219041992	0.675399476362066	 	 	0.0	19.384980197505914	9.330227232447015	7.295100939171383	
2000-9-3	12.63825599184934	8.210180845024375	9.007469206097667	7.295100939171383	0.7016333055553112	 	 	0.0	12.63825599184934	9.007469206097667	5.826646144950321	
2000-9-4	15.412804128883154	8.267489743415856	8.740588347226833	5.826646144950321	0.6321263166053114	 	 	0.0	15.412804128883154	8.740588347226833	4.427698339679259	
2000-9-5	12.845107127247504	8.324417776482543	8.543127569874716	4.427698339679259	0.96676438949887	Dodgy Diesel	Francis	11.309733552923255	12.845107127247504	11.968499629061846	13.036292739814641	
2000-9-6	15.39898840909546	8.38094816727179	11.38827897222412	13.036292739814641	0.8159504921788658	 	 	0.0	15.39898840909546	11.38827897222412	11.415792832030828	
2000-9-7	16.00365860094436	8.437064256017964	10.843572221724191	11.41579283203083	0.5400957062128805	 	 	0.0	16.00365860094436	10.843572221724191	10.071147710213003	
2000-9-8	16.060808486215407	8.492749505052139	10.352047697753783	10.071147710213003	0.6978584204069892	 	 	0.0	16.060808486215407	10.352047697753783	8.568739874201068	
2000-9-9	15.092320220016816	8.547987503675834	9.908948991952535	8.568739874201068	0.9091424200943717	 	 	0.0	15.092320220016816	9.908948991952535	6.85504803850175	
2000-9-10	17.13475532796902	8.602761972997314	9.50813122736224	6.85504803850175	0.7707861652780607	 	 	0.0	17.13475532796902	9.50813122736224	5.279712457618743	
2000-9-11	15.954279211583513	8.65705677072906	9.169196856784854	5.279712457618743	0.6361829256190642	 	 	0.0	15.954279211583513	9.169196856784854	3.838980116394733	
2000-9-12	12.507583799918672	8.71085589594497	8.91825832940674	3.838980116394733	0.7357154094454579	Pristine Petroleum	Arnold	11.309733552923255	12.507583799918672	11.899875583815675	13.57697185268774	
2000-9-13	18.951255180333124	8.764143493795904	11.412961960937428	13.57697185268774	0.6660443761961856	 	 	0.0	18.951255180333124	11.41296196093743	12.106378060886609	
2000-9-14	18.81724327873432	8.816903860182192	10.961126658575882	12.106378060886609	0.8034783355351056	 	 	0.0	18.81724327873432	10.961126658575882	10.498350309746558	
2000-9-15	16.91886963687007	8.869121446381694	10.541461526636315	10.498350309746558	0.5913875122800313	 	 	0.0	16.91886963687007	10.541461526636315	9.10241338186158	
2000-9-16	17.987184113293612	8.920780863632077	10.166662064599112	9.10241338186158	0.5379299577311308	 	 	0.0	17.987184113293612	10.166662064599112	7.759934008525503	
2000-9-17	14.940030014597141	8.971866887665964	9.842686563680433	7.759934008525503	0.9342644597734712	 	 	0.0	14.940030014597141	9.842686563680433	6.021120133147086	
2000-9-18	13.076583839072688	9.022364463197594	9.556118901828057	6.021120133147086	0.56715756184841	 	 	0.0	13.076583839072688	9.556118901828057	4.64941315569373	
2000-9-19	17.80043535494629	9.072258708359673	9.337290707869613	4.64941315569373	0.6276364409141859	Dodgy Diesel	Francis	11.309733552923255	17.80043535494629	15.930715958156544	14.56253812320066	
2000-9-20	11.695053472221339	9.12153491908914	14.940496240892314	14.56253812320066	0.6542443930215317	 	 	0.0	11.695053472221339	14.940496240892314	13.103744314574183	
2000-9-21	14.301604210696405	9.170178573460518	14.008967443336765	13.103744314574183	0.8858086149598162	 	 	0.0	14.301604210696405	14.008967443336765	11.413386284009421	
2000-9-22	17.118387497003724	9.218175335965594	13.121950256050377	11.413386284009421	0.8397204641226852	 	 	0.0	17.118387497003724	13.121950256050376	9.76911640428179	
2000-9-23	12.76961040423542	9.265511061738152	12.28857662634573	9.76911640428179	0.9104837598599538	 	 	0.0	12.76961040423542	12.28857662634573	8.054083228816891	
2000-9-24	10.950976646637265	9.312171800722542	11.509141100969764	8.054083228816891	0.6477385877740316	 	 	0.0	10.950976646637265	11.509141100969764	6.601795225437915	
2000-9-25	14.556016524224704	9.358143801784813	10.822540169613449	6.601795225437915	0.8692093327201253	 	 	0.0	14.556016524224704	10.822540169613449	4.928036477112844	
2000-9-26	14.468306290147261	9.403413516765244	10.216165095933261	4.928036477112844	0.8542579917419989	Pristine Petroleum	Jeff	11.309733552923255	14.468306290147261	13.514353417416533	14.57223307172467	
2000-9-27	13.794310112575408	9.447967604471042	12.924992280329466	14.57223307172467	0.6523624145510163	 	 	0.0	13.794310112575408	12.924992280329464	13.115321241568706	
2000-9-28	18.806214934747675	9.491792934608062	12.37249128146978	13.115321241568706	0.7436122992678224	 	 	0.0	18.806214934747675	12.37249128146978	11.567159526695937	
2000-9-29	12.76975920572754	9.534876591650356	11.855037344910889	11.567159526695937	0.6692177178399948	 	 	0.0	12.76975920572754	11.855037344910889	10.093392393250996	
2000-9-30	12.949817523144588	9.577205878646442	11.379287567297762	10.093392393250996	0.6870858645724751	 	 	0.0	12.949817523144588	11.379287567297762	8.601757113073575	
2000-10-1	5.7813424937054805	9.618768320961154	10.948049316831153	8.601757113073575	0.7546976899320313	 	 	0.0	5.7813424937054805	10.948049316831153	7.042510007536597	
2000-10-2	8.761389785163972	9.65955166995197	10.562738668560888	7.042510007536597	0.8498228801832041	 	 	0.0	8.761389785163972	10.562738668560888	5.388137711748447	
2000-10-3	4.650371334709463	9.69954390657875	10.22549914375744	5.388137711748447	0.9539802255388988	Dodgy Diesel	Francis	11.309733552923255	4.650371334709463	6.027128027279504	14.697970236555227	
2000-10-4	10.978631273879039	9.7387332449458	6.5560401038593366	14.697970236555227	0.6316600383094073	 	 	0.0	10.978631273879039	6.5560401038593366	13.261760782640874	
2000-10-5	12.050791459999893	9.777108135775222	7.065057365751381	13.261760782640874	0.5836212040321763	 	 	0.0	12.050791459999893	7.065057365751381	11.873590163003751	
2000-10-6	12.425409959654464	9.814657269810555	7.55064379838311	11.873590163003751	0.990624304090591	 	 	0.0	12.425409959654464	7.55064379838311	10.078416443308212	
2000-10-7	4.145546220943989	9.851369581149648	8.029588953151297	10.078416443308212	0.9370525050757497	 	 	0.0	4.145546220943989	8.029588953151297	8.336814522627517	
2000-10-8	8.258272048872081	9.88723425050584	8.497331556764674	8.336814522627517	0.5232561543657999	 	 	0.0	8.258272048872081	8.497331556764674	7.009008952656772	
2000-10-9	8.308314764425107	9.922240708396457	8.924304743224205	7.009008952656772	0.6333231936048962	 	 	0.0	8.308314764425107	8.924304743224205	5.571136343446929	
2000-10-10	7.2988021324848695	9.956378638257679	9.313567843923728	5.571136343446929	0.8873567941003897	 	 	0.0	7.2988021324848695	9.313567843923728	3.8792301337415935	
2000-10-11	10.30059203873856	9.989637979484888	9.679929913554842	3.8792301337415935	0.512704179535864	Dodgy Diesel	Francis	11.309733552923255	10.30059203873856	10.184524765421797	13.700001367130719	
2000-10-12	11.223720310437836	10.022008930397563	10.159563853344423	13.700001367130719	0.9833739102710948	 	 	0.0	11.223720310437836	10.159563853344423	11.912078041254677	
2000-10-13	6.397538253231963	10.053481951127889	10.140825687752233	11.912078041254677	0.52422969262621	 	 	0.0	6.397538253231963	10.140825687752233	10.583298933023523	
2000-10-14	10.37966903286667	10.0840477664322	10.129537540505961	10.583298933023523	0.9930855305744917	 	 	0.0	10.37966903286667	10.129537540505961	8.785663986844085	
2000-10-15	9.502554033126225	10.113697368424427	10.125744005582467	8.785663986844085	0.540723680075088	 	 	0.0	9.502554033126225	10.125744005582467	7.440390891164052	
2000-10-16	8.430344516800684	10.142422019230775	10.130460350062899	7.440390891164052	0.5788485530739842	 	 	0.0	8.430344516800684	10.130460350062899	6.056992922485122	
2000-10-17	10.338866521060066	10.170213253564805	10.144269629417982	6.056992922485122	0.8288143730966194	 	 	0.0	10.338866521060066	10.144269629417982	4.423629133783557	
2000-10-18	5.5487490722610415	10.1970628812222	10.169380722033697	4.423629133783557	0.6845494794839736	Dodgy Diesel	Trevor	11.309733552923255	5.5487490722610415	6.54824227537407	13.566258635771785	
2000-10-19	10.08406036323135	10.222962989494452	7.115910115469589	13.566258635771785	0.9543140141493291	 	 	0.0	10.08406036323135	7.115910115469589	11.807395206017512	
2000-10-20	12.512426779990738	10.247905945500769	7.6721609595616425	11.807395206017512	0.8279324429402332	 	 	0.0	12.512426779990738	7.6721609595616425	10.174913347472334	
2000-10-21	8.07794629599866	10.271884398437534	8.208288682571439	10.174913347472334	0.8443994030327074	 	 	0.0	8.07794629599866	8.208288682571439	8.525964528834681	
2000-10-22	7.1962479818412	10.294891281744604	8.722127296563276	8.525964528834681	0.7239639281378665	 	 	0.0	7.1962479818412	8.722127296563276	6.997451185091869	
2000-10-23	9.733411431042926	10.316919815187868	9.20091490060188	6.997451185091869	0.8044607089184517	 	 	0.0	9.733411431042926	9.20091490060188	5.388441060568471	
2000-10-24	12.153196330158623	10.33796350685741	9.644447714054758	5.388441060568471	0.7800668781766166	 	 	0.0	12.153196330158623	9.644447714054758	3.803824766786909	
2000-10-25	6.106880109965108	10.358016155080708	10.038940759198567	3.803824766786909	0.7330848832288823	Pristine Petroleum	Earl	11.309733552923255	6.106880109965108	6.7686840131082295	13.464408898747811	
2000-10-26	8.745022103729708	10.377071850250289	7.3304587117659725	13.464408898747811	0.8084069314371658	 	 	0.0	8.745022103729708	7.330458711765972	11.851452551705702	
2000-10-27	8.687733083863522	10.39512497656532	7.872857424381044	11.851452551705702	0.5931634606468023	 	 	0.0	8.687733083863522	7.872857424381045	10.389049264978768	
2000-10-28	8.718985886555036	10.412170213686617	8.385847598282059	10.389049264978768	0.6061304034550599	 	 	0.0	8.718985886555036	8.385847598282059	8.913679035443577	
2000-10-29	7.3813955637085265	10.428202538304559	8.867008631751974	8.913679035443577	0.9688135236417911	 	 	0.0	7.3813955637085265	8.867008631751974	7.075625685721655	
2000-10-30	6.993159723327295	10.443217225619497	9.335064180597117	7.075625685721655	0.8462547012233195	 	 	0.0	6.993159723327295	9.335064180597117	5.360131158418203	
2000-10-31	8.241983225402711	10.457209850734161	9.775161279480926	5.360131158418203	0.9287429949654675	Pristine Petroleum	Jeff	11.309733552923255	8.241983225402711	8.611323204399783	14.786938774029045	
2000-11-1	4.260223788802176	10.470176289957704	8.875376669970477	14.786938774029043	0.5301198324794182	 	 	0.0	4.260223788802176	8.875376669970477	13.387579115469492	
2000-11-2	5.130726423604966	10.482112722020974	9.127547638744195	13.387579115469492	0.5549214967857982	 	 	0.0	5.130726423604966	9.127547638744195	11.960168684367492	
2000-11-3	4.925807780930406	10.493015629202652	9.367496466807523	11.960168684367492	0.7339595086057122	 	 	0.0	4.925807780930406	9.367496466807523	10.353720241445576	
2000-11-4	4.952944061252441	10.502881798365948	9.598031647692308	10.353720241445576	0.902442981057167	 	 	0.0	4.952944061252441	9.598031647692308	8.578788326072205	
2000-11-5	9.845291224746664	10.511708321905525	9.821990568774918	8.578788326072205	0.563225907333302	 	 	0.0	9.845291224746664	9.821990568774918	7.143073484422698	
2000-11-6	5.524754057929453	10.519492598604383	10.027376367587838	7.143073484422696	0.9232901613091988	 	 	0.0	5.524754057929453	10.027376367587838	5.328178736059504	
2000-11-7	5.425461289948167	10.52623233440045	10.224348940091774	5.328178736059504	0.8645341082421475	Dodgy Diesel	Francis	11.309733552923255	5.425461289948167	6.65175832711546	13.978520960170323	
2000-11-8	5.9419321841607555	10.53192554306265	7.233552192946613	13.978520960170323	0.658120203325433	 	 	0.0	5.9419321841607555	7.233552192946612	12.428796169790898	
2000-11-9	4.258754897342615	10.53657054677626	7.790920464476778	12.428796169790896	0.5820468399318387	 	 	0.0	4.258754897342615	7.790920464476778	10.955144742805066	
2000-11-10	6.363318233361745	10.540165976637365	8.31757342194873	10.955144742805066	0.5606755139136824	 	 	0.0	6.363318233361745	8.31757342194873	9.502864641837387	
2000-11-11	7.002016431392247	10.54271077305628	8.809256819792248	9.502864641837387	0.7239683192162543	 	 	0.0	7.002016431392247	8.809256819792248	7.887291735567139	
2000-11-12	7.033428780133275	10.544204186069823	9.271402675861358	7.887291735567139	0.7554890369365789	 	 	0.0	7.033428780133275	9.271402675861358	6.240198111576567	
2000-11-13	3.141771361120176	10.544645775562323	9.70030349404195	6.240198111576567	0.66091193052593	 	 	0.0	3.141771361120176	9.70030349404195	4.6876815939966425	
2000-11-14	8.569426020474209	10.544035411395331	10.078831131453398	4.6876815939966425	0.7582981744044535	Dodgy Diesel	Francis	11.309733552923255	8.569426020474209	8.890821520596734	14.266655550900785	
2000-11-15	8.011553689898339	10.542373273445966	9.134058762346363	14.266655550900785	0.7435842626319856	 	 	0.0	8.011553689898339	9.134058762346363	12.631466701214807	
2000-11-16	3.6522507172468663	10.539659851553914	9.367934873313585	12.631466701214807	0.9445058182818212	 	 	0.0	3.6522507172468663	9.367934873313585	10.79535629587899	
2000-11-17	8.892029791145445	10.535895945377057	9.595382786586649	10.79535629587899	0.5701203901256696	 	 	0.0	8.892029791145445	9.595382786586649	9.333631318699325	
2000-11-18	6.148238870528388	10.531082664155823	9.806190467759697	9.333631318699325	0.920948097983485	 	 	0.0	6.148238870528388	9.806190467759695	7.521078633661846	
2000-11-19	4.785016699372728	10.525221426386283	10.0072709298972	7.521078633661846	0.651605571307754	 	 	0.0	4.785016699372728	10.0072709298972	5.977868475300097	
2000-11-20	6.344483974335428	10.518313959402109	10.187121061936098	5.977868475300096	0.5374160751535172	 	 	0.0	6.344483974335428	10.187121061936098	4.548847813092584	
2000-11-21	6.89060715520509	10.510362298865525	10.33664543355214	4.548847813092584	0.7271442784296109	Dodgy Diesel	Trevor	11.309733552923255	6.89060715520509	7.634272424245981	13.577658596087733	
2000-11-22	6.61972997430777	10.501368788167389	8.077341016078641	13.577658596087733	0.9352324566526484	 	 	0.0	6.61972997430777	8.077341016078641	11.750821552381089	
2000-11-23	3.7591975545994956	10.491336077736584	8.50859732851795	11.750821552381089	0.726594554783697	 	 	0.0	3.7591975545994956	8.50859732851795	10.132622410543396	
2000-11-24	5.830401514118076	10.480267124258924	8.917281488125045	10.132622410543396	0.8244514751610741	 	 	0.0	5.830401514118076	8.917281488125045	8.416566348328326	
2000-11-25	8.874940932438877	10.468165189805806	9.304465236381867	8.416566348328326	0.7508028802017863	 	 	0.0	8.874940932438877	9.304465236381867	6.774158881072545	
2000-11-26	8.634777462720963	10.455033840872858	9.661505371896205	6.774158881072545	0.6771622334009811	 	 	0.0	8.634777462720963	9.661505371896205	5.2053920606175685	
2000-11-27	6.232713424366241	10.440876947328881	9.976369787601099	5.2053920606175685	0.7632745543400308	Dodgy Diesel	Francis	11.309733552923255	6.232713424366241	7.169402271239701	14.190304845803773	
2000-11-28	5.992401827764233	10.425698681275389	7.650642139998672	14.190304845803773	0.9213861787605624	 	 	0.0	5.992401827764233	7.650642139998672	12.377314079989212	
2000-11-29	9.175421989232118	10.409503515817049	8.118339504499648	12.377314079989212	0.9588435716894189	 	 	0.0	9.175421989232118	8.118339504499648	10.526865921245799	
2000-11-30	9.9376733005065	10.392296223743458	8.57183210682561	10.526865921245799	0.9202638567329245	 	 	0.0	9.9376733005065	8.57183210682561	8.714997477458878	
2000-12-1	0.23963107292614683	10.37408187612257	9.00619600743334	8.714997477458878	0.8537266840367135	 	 	0.0	0.23963107292614683	9.00619600743334	6.893043182037111	
2000-12-2	5.03115191650443	10.354865840806234	9.417355605910084	6.893043182037111	0.9768341133248932	 	 	0.0	5.03115191650443	9.417355605910084	4.947981457327165	
2000-12-3	2.2080939316102617	10.334653780848258	9.807115294128751	4.947981457327165	0.8872001140047829	Pristine Petroleum	Arnold	11.309733552923255	2.2080939316102617	3.858103417833891	14.242573797265425	
2000-12-4	2.0596053285720255	10.313451652835482	4.805140950547587	14.242573797265425	0.8713179693514888	 	 	0.0	2.0596053285720255	4.805140950547587	12.403028216528885	
2000-12-5	5.258658225347786	10.29126570513235	5.730326968151022	12.403028216528885	0.5203804659782509	 	 	0.0	5.258658225347786	5.730326968151022	10.914420139165584	
2000-12-6	1.5895352754966634	10.268102476039479	6.600846522409626	10.914420139165584	0.50700461921544	 	 	0.0	1.5895352754966634	6.600846522409626	9.439187908565092	
2000-12-7	-0.5384357413584903	10.243968791866806	7.409745905742886	9.439187908565092	0.6098079330604572	 	 	0.0	-0.5384357413584903	7.409745905742886	7.861152364119583	
2000-12-8	0.83574259312826	10.218871764921822	8.159347082965443	7.861152364119582	0.7434399945556154	 	 	0.0	0.83574259312826	8.159347082965443	6.149484758178914	
2000-12-9	0.3809701030308048	10.192818791413568	8.853581754526422	6.149484758178913	0.7213498340648892	 	 	0.0	0.3809701030308048	8.853581754526422	4.459907312728971	
2000-12-10	4.074206251651581	10.165817549272917	9.471780499276743	4.459907312728971	0.825576701565153	Pristine Petroleum	Arnold	11.309733552923255	4.074206251651581	5.114046013220384	13.839140822438996	
2000-12-11	0.020960421438105777	10.13787599588986	5.873611935616342	13.839140822438996	0.9286479315130691	 	 	0.0	0.020960421438105777	5.873611935616342	11.843550233109369	
2000-12-12	1.5111696233511231	10.109002365768433	6.622499652053082	11.843550233109369	0.6802040947350365	 	 	0.0	1.5111696233511231	6.622499652053082	10.096403480557772	
2000-12-13	0.7905878982442277	10.079205168099957	7.34006507929087	10.096403480557772	0.5541636849619255	 	 	0.0	0.7905878982442277	7.34006507929087	8.475297137779286	
2000-12-14	-0.09737965425573207	10.048493184255355	8.010372542625209	8.475297137779286	0.5893614132521994	 	 	0.0	-0.09737965425573207	8.010372542625209	6.818993066710527	
2000-12-15	5.799192542609384	10.01687546519723	8.628039758514289	6.818993066710527	0.5832260619027247	 	 	0.0	5.799192542609384	8.628039758514289	5.168824346991244	
2000-12-16	0.5791573075561883	9.984361328812515	9.179233206456933	5.168824346991244	0.8602073111700757	Dodgy Diesel	Francis	11.309733552923255	0.5791573075561883	2.5189894346287107	14.371679539318833	
2000-12-17	2.672422050141266	9.950960357166439	3.597910679580278	14.371679539318833	0.8861992406302175	 	 	0.0	2.672422050141266	3.597910679580278	12.418537640872056	
2000-12-18	3.823048320286624	9.916682393678656	4.660763780585724	12.418537640872056	0.9769260466582804	 	 	0.0	3.823048320286624	4.660763780585724	10.374668936397217	
2000-12-19	5.265186955553512	9.881537540222338	5.713167381650849	10.374668936397217	0.8149185705502644	 	 	0.0	5.265186955553512	5.713167381650849	8.492807708030394	
2000-12-20	2.11702509847898	9.845536154147114	6.731936361122215	8.492807708030394	0.553322529591	 	 	0.0	2.11702509847898	6.731936361122215	6.872542520622835	
2000-12-21	2.7729055745283264	9.808688845226701	7.670348624332002	6.872542520622834	0.5931247281177934	 	 	0.0	2.7729055745283264	7.670348624332002	5.212475134688482	
2000-12-22	2.080463798941629	9.77100647253217	8.515982330395882	5.212475134688482	0.663783367740893	Dodgy Diesel	Francis	11.309733552923255	2.080463798941629	3.6726770949664402	14.072775908622933	
2000-12-23	2.124326752277406	9.732500141231709	4.572230827388295	14.072775908622935	0.9339889700015974	 	 	0.0	2.124326752277406	4.572230827388295	12.071844280804777	
2000-12-24	2.048390661832812	9.693181199317898	5.459297129023375	12.071844280804777	0.7759794529920433	 	 	0.0	2.048390661832812	5.459297129023375	10.228922169996174	
2000-12-25	-0.5961986382344988	9.65306123426339	6.317480083969648	10.228922169996174	0.96073318519024	 	 	0.0	-0.5961986382344988	6.317480083969648	8.201246326989375	
2000-12-26	4.320576383196759	9.612152069606035	7.159168241620787	8.201246326989375	0.6924429808704492	 	 	0.0	4.320576383196759	7.159168241620787	6.441860688302366	
2000-12-27	3.356377317342305	9.570465761464426	7.944157893866469	6.441860688302366	0.5839452877375589	 	 	0.0	3.356377317342305	7.94415789386647	4.790972742748248	
2000-12-28	-1.885660254101773	9.528014594984914	8.638055260965691	4.790972742748248	0.7847485789998393	Dodgy Diesel	Trevor	11.309733552923255	-1.885660254101773	0.44293044140199606	13.256040382051022	
2000-12-29	3.2545380685674505	9.484811080721107	1.8627843522854952	13.256040382051022	0.8858542928803748	 	 	0.0	3.2545380685674505	1.8627843522854952	11.297136263769824	
2000-12-30	-1.095821240012167	9.44086795094696	3.2613075824521207	11.297136263769824	0.8947216858943154	 	 	0.0	-1.095821240012167	3.2613075824521207	9.329364752474685	
2000-12-31	-0.23732327336268175	9.396198155904514	4.634413958573276	9.329364752474685	0.7827292889116895	 	 	0.0	-0.23732327336268175	4.634413958573276	7.473585638162174	