Date	Air temperature	Underground temperature	Fuel temperature (start of day)	Fuel volume (start of day)	Amount of sales	Supplier name	Driver name	Refill volume	Refill temperature	Fuel temperature (end of day)	Fuel volume (end of day)
2000-1-1	3.047196305469464	13.42676801834201	13.42676801834201	15.079644737231007	0.847921163458286	 	 	0.0	3.047196305469464	13.42676801834201	14.231723573772722	
2000-1-2	2.385110719176738	13.385054831638886	13.420578278858617	14.231723573772722	0.5577304223090732	 	 	0.0	2.385110719176738	13.420578278858617	13.673993151463648	
2000-1-3	4.231043392407959	13.342720206958067	13.408553924050068	13.673993151463648	0.7781226777494659	 	 	0.0	4.231043392407959	13.408553924050068	12.895870473714183	
2000-1-4	4.30344041795883	13.299776620507759	13.390740997154229	12.895870473714183	0.5153980976040298	 	 	0.0	4.30344041795883	13.390740997154229	12.380472376110152	
2000-1-5	1.6757519485667467	13.256236727959998	13.367798649022578	12.380472376110152	0.7986422774796943	 	 	0.0	1.6757519485667467	13.367798649022578	11.581830098630459	
2000-1-6	1.806583594741526	13.212113360720965	13.339413037131072	11.581830098630459	0.9161282646155455	 	 	0.0	1.806583594741526	13.339413037131072	10.665701834014913	
2000-1-7	2.591461194926289	13.167419522149507	13.305361499346041	10.665701834014913	0.5865637204047071	 	 	0.0	2.591461194926289	13.305361499346041	10.079138113610206	
2000-1-8	2.8477545701436675	13.122168383724995	13.266983412613243	10.079138113610206	0.9016986645927839	 	 	0.0	2.8477545701436675	13.266983412613243	9.177439449017422	
2000-1-9	2.5169027762106086	13.076373281165623	13.223130000271583	9.177439449017422	0.6473370033980123	 	 	0.0	2.5169027762106086	13.223130000271583	8.53010244561941	
2000-1-10	4.543461706276303	13.030047710498312	13.175339029944569	8.53010244561941	0.6359799058969102	 	 	0.0	4.543461706276303	13.175339029944569	7.894122539722499	
2000-1-11	4.175111407648279	12.983205324081368	13.123954290799501	7.8941225397225	0.593147091516606	 	 	0.0	4.175111407648279	13.123954290799501	7.300975448205893	
2000-1-12	2.1364204084769614	12.935859926581074	13.069566124328894	7.300975448205893	0.9141310564045981	 	 	0.0	2.1364204084769614	13.069566124328896	6.386844391801295	
2000-1-13	4.385801545602096	12.888025470903386	13.009563438767985	6.386844391801295	0.7612193060843626	 	 	0.0	4.385801545602096	13.009563438767987	5.6256250857169325	
2000-1-14	3.6206462341908394	12.839716054081949	12.945833706820055	5.6256250857169325	0.6459763596488446	 	 	0.0	3.6206462341908394	12.945833706820055	4.903905696952146	
2000-1-15	4.291930790187273	12.79094591312364	12.879168662150951	4.903905696952146	0.7179374531573188	 	 	0.0	4.291930790187273	12.879168662150951	4.110225214678886	
2000-1-16	2.770501056791629	12.741729420812847	12.808596101340745	4.110225214678886	0.5101055413063617	Pristine Petroleum	Josh	11.309733552923255	2.770501056791629	5.180231149050937	14.681323788701587	
2000-1-17	0.6911051560985761	12.692081081475761	6.250895121118462	14.681323788701587	0.9788233953740658	 	 	0.0	0.6911051560985761	6.250895121118462	13.62675736421158	
2000-1-18	0.9017444827548139	12.642015526705862	7.233482764533407	13.62675736421158	0.8607866338043215	 	 	0.0	0.9017444827548139	7.233482764533407	12.690227701291318	
2000-1-19	5.441912975834416	12.591547511051944	8.119003694480737	12.690227701291315	0.5979456863541246	 	 	0.0	5.441912975834416	8.119003694480737	12.016538985821251	
2000-1-20	3.5067490252829763	12.540691907669864	8.891499518916378	12.01653898582125	0.5250388199712769	 	 	0.0	3.5067490252829763	8.891499518916378	11.415757136734031	
2000-1-21	3.235194272260525	12.48946370393936	9.55373508489436	11.415757136734033	0.8488591232062884	 	 	0.0	3.235194272260525	9.55373508489436	10.491154984411803	
2000-1-22	5.122537905390563	12.437877997047211	10.131796314851506	10.491154984411803	0.6780484926910566	 	 	0.0	5.122537905390563	10.131796314851506	9.737363462604806	
2000-1-23	1.770909979585279	12.38594998953801	10.618878238386085	9.737363462604806	0.8044221450590179	 	 	0.0	1.770909979585279	10.618878238386085	8.857198288429847	
2000-1-24	5.962689448476708	12.333694984833919	11.026462001974542	8.857198288429847	0.6897106016356992	 	 	0.0	5.962689448476708	11.026462001974542	8.091744657678207	
2000-1-25	1.872298598390639	12.281128382724672	11.3530339733852	8.091744657678207	0.5449224328591912	 	 	0.0	1.872298598390639	11.353033973385202	7.4710791957030755	
2000-1-26	2.784837801085054	12.228265674829185	11.599859832541316	7.4710791957030755	0.9933579397950327	 	 	0.0	2.784837801085054	11.599859832541316	6.401978226792103	
2000-1-27	4.158678936462702	12.175122440030117	11.789234757221704	6.401978226792103	0.9034896300662054	 	 	0.0	4.158678936462702	11.789234757221704	5.422745567609956	
2000-1-28	0.5685089777106116	12.121714339882685	11.918478054352477	5.422745567609956	0.589047317043759	 	 	0.0	0.5685089777106116	11.918478054352477	4.757955221450256	
2000-1-29	4.680155163743338	12.068057113999142	11.984756964146783	4.757955221450256	0.6351001031266272	 	 	0.0	4.680155163743338	11.984756964146783	4.047112089207689	
2000-1-30	6.410687219725549	12.014166575410242	12.00007845696002	4.047112089207689	0.8348295333871537	Pristine Petroleum	Arnold	11.309733552923255	6.410687219725549	7.633361023663045	14.338531249581292	
2000-1-31	2.903577996461927	11.96005860590506	8.266508665202657	14.338531249581292	0.8732912076685283	 	 	0.0	2.903577996461927	8.266508665202657	13.389497012796824	
2000-2-1	2.835614350878307	11.90574915135056	8.83720503227866	13.389497012796824	0.7617187309604758	 	 	0.0	2.835614350878307	8.83720503227866	12.552035252720406	
2000-2-2	6.226914949258071	11.851254216992283	9.341715692217102	12.552035252720406	0.6188630305869965	 	 	0.0	6.226914949258071	9.341715692217102	11.857429193017468	
2000-2-3	5.64651317103105	11.796589862737507	9.77694345932653	11.857429193017468	0.9588362317813264	 	 	0.0	5.64651317103105	9.77694345932653	10.822849932120203	
2000-2-4	1.967554559725157	11.741772198422339	10.158774594559198	10.822849932120203	0.8348949907054417	 	 	0.0	1.967554559725157	10.158774594559198	9.91221191229882	
2000-2-5	4.136498231738985	11.686817379064065	10.483142486490994	9.91221191229882	0.7585607270265737	 	 	0.0	4.136498231738985	10.483142486490994	9.077908156156306	
2000-2-6	2.9756370667124745	11.631741600100188	10.749467854717349	9.077908156156306	0.8254501507390061	 	 	0.0	2.9756370667124745	10.749467854717349	8.17671497630136	
2000-2-7	3.0514221807807407	11.576561092615563	10.96244565602001	8.17671497630136	0.6040423646276354	 	 	0.0	3.0514221807807407	10.96244565602001	7.447895640387842	
2000-2-8	4.031870817878537	11.521292118559021	11.120468817872016	7.447895640387842	0.8890023853736534	 	 	0.0	4.031870817878537	11.120468817872016	6.434116283728307	
2000-2-9	6.304073701610758	11.4659509659509	11.233572055959206	6.434116283728308	0.947772187941658	 	 	0.0	6.304073701610758	11.233572055959206	5.361567124500769	
2000-2-10	2.0987504813340667	11.410553944082885	11.303111334184308	5.361567124500769	0.6314592673940388	 	 	0.0	2.0987504813340667	11.303111334184308	4.605330885820848	
2000-2-11	4.681884565618344	11.35511737871159	11.326902721305883	4.605330885820848	0.7823438733980383	Pristine Petroleum	Arnold	11.309733552923255	4.681884565618344	6.333545489592004	14.878763861396989	
2000-2-12	5.017782493937163	11.29965760724728	7.032866049404096	14.878763861396989	0.9428133709254113	 	 	0.0	5.017782493937163	7.032866049404096	13.811173519185695	
2000-2-13	3.9634743836035846	11.244190973939165	7.672235301244848	13.811173519185697	0.7201923302695359	 	 	0.0	3.9634743836035846	7.672235301244848	12.966204217630278	
2000-2-14	4.541341134936427	11.188733825058668	8.241310229706873	12.966204217630278	0.968494132973812	 	 	0.0	4.541341134936427	8.241310229706873	11.872933113370586	
2000-2-15	5.7997390549230206	11.13330250408211	8.752739476510671	11.872933113370584	0.6244113449901617	 	 	0.0	5.7997390549230206	8.752739476510671	11.12374479709454	
2000-2-16	4.603091897669639	11.077913346874212	9.191874207108441	11.12374479709454	0.880881359616323	 	 	0.0	4.603091897669639	9.191874207108441	10.118086466192334	
2000-2-17	2.42465134575379	11.02258267687383	9.572174183239534	10.118086466192334	0.533951893511785	 	 	0.0	2.42465134575379	9.572174183239534	9.459357601394666	
2000-2-18	2.348909748694077	10.967326800283384	9.88230816591008	9.459357601394666	0.6498563253520531	 	 	0.0	2.348909748694077	9.88230816591008	8.684724304756731	
2000-2-19	4.910529017450884	10.912162001263326	10.131743958866284	8.684724304756731	0.6040144971349225	 	 	0.0	4.910529017450884	10.131743958866284	7.955932836335925	
2000-2-20	3.3857834064109604	10.857104537133127	10.323576680594185	7.955932836335925	0.9519066865057033	 	 	0.0	3.3857834064109604	10.323576680594185	6.879249178544338	
2000-2-21	6.761055792994287	10.80217063358018	10.469989400600554	6.879249178544338	0.5826742130322732	 	 	0.0	6.761055792994287	10.469989400600555	6.171797994226185	
2000-2-22	3.1841654350927526	10.747376479878007	10.564590896630046	6.171797994226184	0.6868448319611962	 	 	0.0	3.1841654350927526	10.564590896630046	5.3601761909791055	
2000-2-23	6.991035432807329	10.692738224115201	10.614917746092802	5.3601761909791055	0.5200632697735506	 	 	0.0	6.991035432807329	10.614917746092802	4.715335949919673	
2000-2-24	4.904052117795084	10.638271968436527	10.62534443414811	4.715335949919673	0.7990957599145809	 	 	0.0	4.904052117795084	10.62534443414811	3.79146321871921	
2000-2-25	5.236895939647513	10.583993764297528	10.602384303347842	3.79146321871921	0.5625437243544752	Dodgy Diesel	Trevor	11.309733552923255	5.236895939647513	6.49061178772537	13.284701323973904	
2000-2-26	6.700103230790475	10.529919607734099	7.127784896883891	13.284701323973904	0.5336227017079102	 	 	0.0	6.700103230790475	7.127784896883891	12.626301650980112	
2000-2-27	3.3675364130676027	10.476065434648378	7.683887604666678	12.626301650980112	0.8041172902676493	 	 	0.0	3.3675364130676027	7.683887604666679	11.697407389426576	
2000-2-28	5.433593179958128	10.422447116112357	8.175146082872994	11.697407389426576	0.7778421133797656	 	 	0.0	5.433593179958128	8.175146082872994	10.794788304760928	
2000-2-29	1.464061092242975	10.369080453690618	8.601847437357113	10.794788304760928	0.9794537723538751	 	 	0.0	1.464061092242975	8.601847437357113	9.690557561121171	
2000-3-1	7.477167175741005	10.315981174783525	8.97339673229184	9.690557561121171	0.8083913603280675	 	 	0.0	7.477167175741005	8.97339673229184	8.75738922950722	
2000-3-2	5.212554742358669	10.263164927992294	9.282879844635422	8.75738922950722	0.7467294607864168	 	 	0.0	5.212554742358669	9.282879844635422	7.88588279743492	
2000-3-3	5.311909770501511	10.21064727850728	9.530187905987908	7.88588279743492	0.7090761975518092	 	 	0.0	5.311909770501511	9.530187905987908	7.0520296285972295	
2000-3-4	13.095614003200048	10.158443703520838	9.717511017986133	7.05202962859723	0.661162426394327	 	 	0.0	13.095614003200048	9.717511017986133	6.266090230917022	
2000-3-5	12.333635263438628	10.106569587666128	9.848091383898806	6.266090230917021	0.6213014528077441	 	 	0.0	12.333635263438628	9.848091383898806	5.473395873497339	
2000-3-6	8.33955452133144	10.05504021848319	9.927620983941893	5.47339587349734	0.9720418634562805	 	 	0.0	8.33955452133144	9.927620983941893	4.329961105429122	
2000-3-7	7.296203959646096	10.003870781913644	9.96466480962692	4.329961105429122	0.9511103446410321	Pristine Petroleum	Jeff	11.309733552923255	7.296203959646096	7.889733873866959	14.420462241410362	
2000-3-8	10.509729517616506	9.95307635782531	8.190043278579449	14.420462241410362	0.5950744188416418	 	 	0.0	10.509729517616506	8.190043278579449	13.653994917956782	
2000-3-9	7.19593810889143	9.90267191556811	8.453388337295394	13.653994917956782	0.9940956055321069	 	 	0.0	7.19593810889143	8.453388337295394	12.48850640781274	
2000-3-10	10.26073231655411	9.852672309562529	8.688700396865606	12.48850640781274	0.7901428511385701	 	 	0.0	10.26073231655411	8.688700396865606	11.526970652062234	
2000-3-11	9.020167277900098	9.803092274921957	8.8917888325001	11.526970652062234	0.7504043119510915	 	 	0.0	9.020167277900098	8.8917888325001	10.605173435499205	
2000-3-12	8.918503786774256	9.753946423110166	9.06260517034617	10.605173435499205	0.9515480623619986	 	 	0.0	8.918503786774256	9.06260517034617	9.48223246852527	
2000-3-13	5.6072733450885615	9.705249237635268	9.205035652235427	9.48223246852527	0.7134585383694573	 	 	0.0	5.6072733450885615	9.205035652235427	8.597381025543877	
2000-3-14	8.502576718000183	9.657015069781336	9.31553617601954	8.597381025543877	0.8930498295373268	 	 	0.0	8.502576718000183	9.31553617601954	7.532938291394612	
2000-3-15	7.052222051615516	9.609258134379031	9.397502838715642	7.532938291394611	0.9639797968935474	 	 	0.0	7.052222051615516	9.397502838715642	6.397565589889127	
2000-3-16	6.329201940120633	9.561992505616415	9.451556950158533	6.397565589889127	0.5682224740365814	 	 	0.0	6.329201940120633	9.451556950158533	5.657950211240609	
2000-3-17	6.819121006698346	9.515232112891233	9.475218431195806	5.657950211240609	0.8517984265576207	 	 	0.0	6.819121006698346	9.475218431195806	4.576662774017791	
2000-3-18	9.293043537189897	9.46899073670585	9.472357411781037	4.576662774017791	0.5642841782984951	 	 	0.0	9.293043537189897	9.472357411781037	3.782889585054099	
2000-3-19	8.369421614092841	9.42328200460607	9.445081374071549	3.782889585054099	0.5208139410203796	Dodgy Diesel	Francis	11.309733552923255	8.369421614092841	8.611535638477331	13.473120437598181	
2000-3-20	8.992065277431278	9.378119387165047	8.731049037588054	13.473120437598181	0.8569680631168781	 	 	0.0	8.992065277431278	8.731049037588054	12.386663363816108	
2000-3-21	11.736158577840362	9.333516194013432	8.833228105249392	12.386663363816107	0.6206823035378339	 	 	0.0	11.736158577840362	8.833228105249392	11.536492049613074	
2000-3-22	11.704325749686374	9.289485569916975	8.916321873273102	11.536492049613074	0.5722237946927662	 	 	0.0	11.704325749686374	8.916321873273102	10.73477924425511	
2000-3-23	11.13935157878427	9.246040490902693	8.980860947028324	10.73477924425511	0.5485770848345767	 	 	0.0	11.13935157878427	8.980860947028324	9.956713148755336	
2000-3-24	10.24446517326638	9.203193760434786	9.027784524859198	9.956713148755336	0.8748221059549257	 	 	0.0	10.24446517326638	9.027784524859198	8.852402032135213	
2000-3-25	7.91646001570328	9.160958005641383	9.059398771694344	8.852402032135213	0.9367769960968595	 	 	0.0	7.91646001570328	9.059398771694344	7.686136025373156	
2000-3-26	6.137219897578014	9.119345673593285	9.07578957231928	7.686136025373156	0.5156718600093536	 	 	0.0	6.137219897578014	9.07578957231928	6.940975154698604	
2000-3-27	7.7078786332331495	9.078369027635741	9.076570582918968	6.940975154698604	0.6969692731912054	 	 	0.0	7.7078786332331495	9.076570582918968	6.014516870842204	
2000-3-28	8.288963200272963	9.0380401437744	9.06310723721253	6.014516870842204	0.5466261385241796	 	 	0.0	8.288963200272963	9.06310723721253	5.238401721652828	
2000-3-29	7.9150560313349745	8.998370907116438	9.037136004895077	5.238401721652828	0.9433953687387192	 	 	0.0	7.9150560313349745	9.037136004895077	4.065517342248912	
2000-3-30	9.8654642985263	8.959373008367983	8.99693953589014	4.065517342248912	0.8374620168050688	Dodgy Diesel	Francis	11.309733552923255	9.8654642985263	9.68262283407598	14.243646016626121	
2000-3-31	10.199594019444318	8.92105794038879	9.570180871504926	14.243646016626121	0.6137527003200081	 	 	0.0	10.199594019444318	9.570180871504926	13.400404305640913	
2000-4-1	10.869371061753744	8.883436994805258	9.462418978319842	13.400404305640913	0.5329279288193681	 	 	0.0	10.869371061753744	9.462418978319842	12.637987366156349	
2000-4-2	11.2215967186036	8.846521258682731	9.359956015045869	12.63798736615635	0.6694245616174406	 	 	0.0	11.2215967186036	9.359956015045869	11.739073793873713	
2000-4-3	10.040189975313359	8.810321611258082	9.2615261726257	11.739073793873711	0.6031961876924501	 	 	0.0	10.040189975313359	9.2615261726257	10.906388595516063	
2000-4-4	12.668417517113786	8.774848720733566	9.167726913789796	10.906388595516063	0.8775614912254674	 	 	0.0	12.668417517113786	9.167726913789796	9.799338093625398	
2000-4-5	14.849901114793832	8.740113041132833	9.076010118591105	9.799338093625398	0.8908715725099201	 	 	0.0	14.849901114793832	9.076010118591105	8.67897751045028	
2000-4-6	12.199428506297501	8.706124809220102	8.986443117082011	8.67897751045028	0.9291898869178516	 	 	0.0	12.199428506297501	8.986443117082011	7.520298612867231	
2000-4-7	7.2125328505838615	8.672894041483318	8.898828476019222	7.520298612867233	0.9657452472743033	 	 	0.0	7.2125328505838615	8.898828476019222	6.325064354927731	
2000-4-8	8.287199348911598	8.640430531182263	8.812988807351081	6.325064354927731	0.6015864323909744	 	 	0.0	8.287199348911598	8.812988807351081	5.4939889118715595	
2000-4-9	11.360483075609471	8.608743845462428	8.734882511793854	5.4939889118715595	0.9580232257478919	 	 	0.0	11.360483075609471	8.734882511793854	4.3064766754584705	
2000-4-10	10.907676758562042	8.577843322535532	8.658275117509568	4.3064766754584705	0.8217582488763502	Dodgy Diesel	Francis	11.309733552923255	10.907676758562042	10.403154583236672	14.513372748073172	
2000-4-11	11.189107538263741	8.547738068927517	10.134085244977705	14.513372748073172	0.7779265363088216	 	 	0.0	11.189107538263741	10.134085244977705	13.505957201099152	
2000-4-12	7.648036649857904	8.518436956794801	9.882385696821895	13.505957201099154	0.5162356415285043	 	 	0.0	7.648036649857904	9.882385696821895	12.76023254890545	
2000-4-13	8.993922702399825	8.489948621309619	9.652846823641438	12.76023254890545	0.8977267182645211	 	 	0.0	8.993922702399825	9.652846823641438	11.633016819975731	
2000-4-14	8.952109975035519	8.462281458115202	9.437623582536006	11.63301681997573	0.9401206243822258	 	 	0.0	8.952109975035519	9.437623582536006	10.463407184928306	
2000-4-15	9.188386323697642	8.43544362085153	9.236252624033817	10.463407184928306	0.5808878844011889	 	 	0.0	9.188386323697642	9.236252624033817	9.653030289861919	
2000-4-16	8.138488235140763	8.409443018752432	9.056212716599147	9.653030289861919	0.5917588576517206	 	 	0.0	8.138488235140763	9.056212716599147	8.831782421545	
2000-4-17	12.89271348430402	8.384287314314687	8.896325902108607	8.831782421545	0.8625744563331473	 	 	0.0	12.89271348430402	8.896325902108607	7.739718954546656	
2000-4-18	12.042237422298713	8.359983921039856	8.750719886373096	7.739718954546656	0.6007314495831375	 	 	0.0	12.042237422298713	8.750719886373096	6.909498494298321	
2000-4-19	6.697563906401807	8.336540001249485	8.62478824308496	6.9094984942983215	0.8528829120191008	 	 	0.0	6.697563906401807	8.62478824308496	5.7855254155152736	
2000-4-20	11.949154878761794	8.313962463974349	8.511937140485276	5.7855254155152736	0.5517873447596501	 	 	0.0	11.949154878761794	8.511937140485276	4.962647903991677	
2000-4-21	13.388838015639676	8.292257962918308	8.418965065537943	4.962647903991677	0.8077813033792802	 	 	0.0	13.388838015639676	8.418965065537943	3.8837764338484493	
2000-4-22	9.261717924355446	8.271432894497448	8.339190450099021	3.88377643384845	0.8327841363490021	Dodgy Diesel	Trevor	11.309733552923255	9.261717924355446	9.075783315896436	13.792677504214216	
2000-4-23	9.418826706579763	8.251493395955018	8.950185868503352	13.792677504214216	0.9087532580178007	 	 	0.0	9.418826706579763	8.950185868503352	12.612834079432469	
2000-4-24	8.770026435575902	8.232445343552758	8.8306100070391	12.612834079432469	0.8340988747825224	 	 	0.0	8.770026435575902	8.8306100070391	11.507645037885997	
2000-4-25	8.038566160617561	8.214294350839143	8.71808534430544	11.507645037885997	0.709815054065834	 	 	0.0	8.038566160617561	8.71808534430544	10.526739817056216	
2000-4-26	7.005554274590463	8.197045766995037	8.61410447169885	10.526739817056216	0.905394359001777	 	 	0.0	7.005554274590463	8.61410447169885	9.350255291290491	
2000-4-27	9.007802641065297	8.180704675257267	8.516741985096617	9.350255291290491	0.6731571513590278	 	 	0.0	9.007802641065297	8.516741985096617	8.406007973167515	
2000-4-28	9.419946919197189	8.165275891420576	8.428926106702955	8.406007973167515	0.9574045174082673	 	 	0.0	9.419946919197189	8.428926106702955	7.1775132889953	
2000-4-29	15.296691257580285	8.150763962418376	8.347537982879505	7.1775132889953	0.9270616262629181	 	 	0.0	15.296691257580285	8.347537982879505	5.979361495968437	
2000-4-30	13.18606129399795	8.137173164982753	8.273659830445247	5.979361495968437	0.9202212550100811	 	 	0.0	13.18606129399795	8.273659830445247	4.78805007419441	
2000-5-1	8.763598882245924	8.124507504384093	8.208251447269415	4.78805007419441	0.9310810309992775	Dodgy Diesel	Trevor	11.309733552923255	8.763598882245924	8.619360415517678	13.80636304124364	
2000-5-2	11.492242285740943	8.112770713250708	8.54228674733677	13.80636304124364	0.9976652507669418	 	 	0.0	11.492242285740943	8.54228674733677	12.537607623712752	
2000-5-3	12.398907580614905	8.101966250468818	8.468522489963794	12.53760762371275	0.757400603866337	 	 	0.0	12.398907580614905	8.468522489963794	11.509116853082466	
2000-5-4	13.429463535328765	8.092097300163195	8.399832601475039	11.509116853082466	0.6149636133025704	 	 	0.0	13.429463535328765	8.399832601475039	10.623063073015949	
2000-5-5	9.469839569314958	8.083166770758794	8.337232589549872	10.623063073015949	0.645236088993988	 	 	0.0	9.469839569314958	8.337232589549872	9.706736817258014	
2000-5-6	9.921787523888154	8.075177294123618	8.280541808741837	9.706736817258014	0.6489004358264259	 	 	0.0	9.921787523888154	8.280541808741837	8.786746214667641	
2000-5-7	9.097672224985992	8.068131224793106	8.229782761851748	8.786746214667641	0.8826605514852273	 	 	0.0	9.097672224985992	8.229782761851748	7.632995496418466	
2000-5-8	14.816847779876907	8.062030639276227	8.183638903349555	7.632995496418466	0.6549424809984103	 	 	0.0	14.816847779876907	8.183638903349555	6.70696284865611	
2000-5-9	10.66702866747425	8.056877335443538	8.143958112443531	6.70696284865611	0.5313722102556463	 	 	0.0	10.66702866747425	8.143958112443531	5.904500471636517	
2000-5-10	12.430813937737971	8.05267283199733	8.111500463398892	5.904500471636516	0.8609764253105049	 	 	0.0	12.430813937737971	8.111500463398892	4.772433879562065	
2000-5-11	9.618782977864075	8.04941836802407	8.084191183409768	4.772433879562065	0.9533439613947238	Pristine Petroleum	Josh	11.309733552923255	9.618782977864075	9.250646784310554	14.78999185783123	
2000-5-12	13.700711326259373	8.047114902629223	9.07959659617384	14.78999185783123	0.503417499095799	 	 	0.0	13.700711326259373	9.07959659617384	14.015484191971483	
2000-5-13	15.511292375228388	8.045763114654617	8.92457445353832	14.015484191971483	0.8450366313549997	 	 	0.0	15.511292375228388	8.92457445353832	12.899357393852538	
2000-5-14	10.69755969529407	8.045363402478374	8.781355193855386	12.899357393852538	0.579424386524808	 	 	0.0	10.69755969529407	8.781355193855386	12.048842840563779	
2000-5-15	10.095315117177527	8.045915883897505	8.653119570069077	12.048842840563779	0.9164480375278409	 	 	0.0	10.095315117177527	8.653119570069077	10.861304636271992	
2000-5-16	12.94591812548471	8.047420396093202	8.535975516377219	10.861304636271992	0.7682496855067624	 	 	0.0	12.94591812548471	8.535975516377219	9.821964784001281	
2000-5-17	9.431368451021486	8.049876495678811	8.43202777133341	9.821964784001281	0.9628046737435924	 	 	0.0	9.431368451021486	8.43202777133341	8.58806994349374	
2000-5-18	8.720756584329765	8.053283458830514	8.339411122815635	8.58806994349374	0.8616264077622522	 	 	0.0	8.720756584329765	8.339411122815635	7.4553533689675415	
2000-5-19	16.126147072615893	8.057640281500634	8.260047475132906	7.4553533689675415	0.5673007590726707	 	 	0.0	16.126147072615893	8.260047475132906	6.616962443130924	
2000-5-20	9.995706251531017	8.062945679713529	8.197503222496653	6.616962443130926	0.8871238683595841	 	 	0.0	9.995706251531017	8.197503222496653	5.458748408007394	
2000-5-21	14.431118554374928	8.069198089943995	8.148154460627913	5.458748408007394	0.5913850768700076	 	 	0.0	14.431118554374928	8.148154460627913	4.596273164373439	
2000-5-22	12.224760626569527	8.076395669578039	8.115377341886825	4.596273164373439	0.5253813575876166	 	 	0.0	12.224760626569527	8.115377341886825	3.799801640021877	
2000-5-23	6.521018619169928	8.084536297455909	8.098337960424654	3.799801640021877	0.6367541911340079	Dodgy Diesel	Trevor	11.309733552923255	6.521018619169928	6.860845780756272	13.423118193033252	
2000-5-24	8.594848103054687	8.093617574497202	7.053380893871321	13.423118193033252	0.8957473507903169	 	 	0.0	8.594848103054687	7.053380893871321	12.256280675478987	
2000-5-25	8.645011108969674	8.10363682440789	7.2330651022637555	12.256280675478987	0.5259206893857037	 	 	0.0	8.645011108969674	7.2330651022637555	11.459269819329338	
2000-5-26	13.895383022943522	8.114591094469038	7.3944036945738265	11.45926981932934	0.7585989332628305	 	 	0.0	13.895383022943522	7.394403694573827	10.429580719302562	
2000-5-27	8.466978654875481	8.126477156406981	7.541643654968647	10.429580719302562	0.8551192888757078	 	 	0.0	8.466978654875481	7.541643654968648	9.265757134078951	
2000-5-28	8.52052924546792	8.139291507344707	7.676967189980322	9.265757134078951	0.6874086662085805	 	 	0.0	8.52052924546792	7.676967189980322	8.269644171522467	
2000-5-29	8.17915354236526	8.153030370834179	7.797763014901426	8.269644171522467	0.8336703498573077	 	 	0.0	8.17915354236526	7.797763014901426	7.127269525317256	
2000-5-30	8.366697914768883	8.167689697969264	7.906687345467272	7.127269525317256	0.7628259666325946	 	 	0.0	8.366697914768883	7.9066873454672715	6.0557392623367585	
2000-5-31	12.366709988176153	8.183265168578973	8.002546845685572	6.0557392623367585	0.6509015878919113	 	 	0.0	12.366709988176153	8.002546845685572	5.096133378096943	
2000-6-1	12.95990108124249	8.199752192500624	8.08377547532918	5.096133378096943	0.5527023407246484	 	 	0.0	12.95990108124249	8.08377547532918	4.234726741024391	
2000-6-2	10.683530509576412	8.217145910932594	8.149891175607376	4.234726741024391	0.6697327678649512	Pristine Petroleum	Josh	11.309733552923255	10.683530509576412	10.115002453701017	14.511620882567756	
2000-6-3	15.01195381482588	8.235441197866226	9.84248626230579	14.511620882567756	0.8928146279995769	 	 	0.0	15.01195381482588	9.84248626230579	13.310101958220278	
2000-6-4	14.006240093823296	8.254632661596483	9.59155831177336	13.310101958220278	0.5017649757873228	 	 	0.0	14.006240093823296	9.59155831177336	12.499632686085052	
2000-6-5	14.156334527652575	8.274714646310919	9.37002674457846	12.499632686085052	0.5692236660203669	 	 	0.0	14.156334527652575	9.37002674457846	11.621704723716782	
2000-6-6	18.628987724648688	8.295681233756461	9.175685170193676	11.621704723716784	0.8989237079373358	 	 	0.0	18.628987724648688	9.175685170193676	10.414076719431545	
2000-6-7	14.5508196962292	8.317526244983554	9.002486472270773	10.414076719431545	0.6591298819293527	 	 	0.0	14.5508196962292	9.002486472270773	9.44624254115429	
2000-6-8	15.47571964945076	8.340243242167125	8.855162835179053	9.44624254115429	0.7359190604225443	 	 	0.0	15.47571964945076	8.855162835179053	8.401619184383842	
2000-6-9	12.029423659602017	8.36382553050383	8.732288952407416	8.401619184383842	0.7059391514736921	 	 	0.0	12.029423659602017	8.732288952407416	7.386975736562246	
2000-6-10	15.98464273539365	8.388266160185058	8.634451747521508	7.386975736562246	0.5060596956222783	 	 	0.0	15.98464273539365	8.634451747521508	6.572211744592066	
2000-6-11	16.48087570042138	8.413557928445057	8.563851168252167	6.5722117445920665	0.5930014848394966	 	 	0.0	16.48087570042138	8.563851168252167	5.670505963404666	
2000-6-12	16.18480853599846	8.439693381683636	8.517862132041484	5.670505963404666	0.7012855376661404	 	 	0.0	16.18480853599846	8.517862132041484	4.660516129390622	
2000-6-13	19.40556884237675	8.466664817662764	8.494789713654416	4.660516129390622	0.788387594374717	Dodgy Diesel	Francis	11.309733552923255	19.40556884237675	16.801299245327893	14.929228085333573	
2000-6-14	10.483262240299132	8.494464287776461	15.62180448380534	14.929228085333573	0.5140058262426891	 	 	0.0	10.483262240299132	15.62180448380534	14.106517962742982	
2000-6-15	19.182158973063682	8.523083599393287	14.556475653809114	14.106517962742979	0.5143321531151038	 	 	0.0	19.182158973063682	14.556475653809114	13.283481513279972	
2000-6-16	15.272944944767454	8.552514318270745	13.600754402568514	13.283481513279972	0.9820057960994248	 	 	0.0	15.272944944767454	13.600754402568514	11.992771420832645	
2000-6-17	14.860934600981627	8.5827477710409	12.716957150582015	11.992771420832645	0.9723782707088007	 	 	0.0	14.860934600981627	12.716957150582013	10.711688853775941	
2000-6-18	14.76459209055438	8.613775047766449	11.908652834346519	10.711688853775941	0.7722115436480763	 	 	0.0	14.76459209055438	11.908652834346519	9.62816669673218	
2000-6-19	19.190109266105623	8.645587004566526	11.194152591113607	9.62816669673218	0.7131226660244496	 	 	0.0	19.190109266105623	11.194152591113607	8.603733417312045	
2000-6-20	10.144106615108976	8.678174266311448	10.57813379629445	8.603733417312045	0.9786836820831404	 	 	0.0	10.144106615108976	10.57813379629445	7.31373912183322	
2000-6-21	14.677333620418763	8.711527229385606	10.04086807380237	7.31373912183322	0.5970533870227531	 	 	0.0	14.677333620418763	10.04086807380237	6.4053751214147825	
2000-6-22	12.677210312498806	8.745636064517692	9.61544710166758	6.4053751214147825	0.8155143003356902	 	 	0.0	12.677210312498806	9.61544710166758	5.2785502076834065	
2000-6-23	15.123273317113927	8.780490719677436	9.282818698133585	5.2785502076834065	0.8580714444133264	 	 	0.0	15.123273317113927	9.282818698133585	4.109168149874395	
2000-6-24	15.477859470317284	8.816080923037982	9.04405490154014	4.109168149874395	0.7793568798041641	Pristine Petroleum	Jeff	11.309733552923255	15.477859470317284	14.12303517436575	14.334289231305755	
2000-6-25	12.731921825379551	8.852396186003041	13.345926516772268	14.334289231305755	0.7830942253915992	 	 	0.0	12.731921825379551	13.345926516772268	13.239884392518467	
2000-6-26	14.430984542857578	8.889425806297933	12.635159861999126	13.239884392518467	0.900116702296727	 	 	0.0	14.430984542857578	12.635159861999126	12.028457076826056	
2000-6-27	15.210175344363778	8.927158871123593	11.984727264971257	12.028457076826058	0.5844981834829786	 	 	0.0	15.210175344363778	11.984727264971255	11.132648279947393	
2000-6-28	15.589063124667812	8.965584260372623	11.412929817774296	11.132648279947391	0.5675414058217602	 	 	0.0	15.589063124667812	11.412929817774296	10.253796260729946	
2000-6-29	12.019919318904696	9.004690649906443	10.918055518327632	10.253796260729946	0.9229776419417693	 	 	0.0	12.019919318904696	10.918055518327632	9.019508005392492	
2000-6-30	17.257108094226876	9.044466514892559	10.480602100170099	9.019508005392492	0.875453616569854	 	 	0.0	17.257108094226876	10.480602100170099	7.8327437754269535	
2000-7-1	15.926553957140037	9.084900133200993	10.105536369373107	7.8327437754269535	0.7101274049129707	 	 	0.0	15.926553957140037	10.105536369373107	6.811305757118298	
2000-7-2	21.602285520344413	9.12597958885884	9.802952054829493	6.811305757118298	0.8035221740598897	 	 	0.0	21.602285520344413	9.802952054829493	5.696472969662722	
2000-7-3	18.105311755837064	9.167692775561964	9.568396444651146	5.696472969662722	0.532446242785204	 	 	0.0	18.105311755837064	9.568396444651146	4.852716113481833	
2000-7-4	20.699449725698233	9.210027400242783	9.413110174370233	4.852716113481833	0.5347786480367225	 	 	0.0	20.699449725698233	9.413110174370233	4.0066268520494255	
2000-7-5	18.956701757064256	9.252970986693091	9.329080800922041	4.0066268520494255	0.9139034839521497	Pristine Petroleum	Earl	11.309733552923255	18.956701757064256	17.06309579879879	14.141478383060852	
2000-7-6	19.22805904123174	9.296510879240852	15.898539041480413	14.141478383060852	0.7836957647568714	 	 	0.0	19.22805904123174	15.898539041480413	13.046472004908297	
2000-7-7	23.020231193916995	9.340634246479885	14.834077143508102	13.0464720049083	0.8770056786532244	 	 	0.0	23.020231193916995	14.834077143508102	11.858155712859388	
2000-7-8	22.02845406304479	9.385328085051341	13.862180941763285	11.858155712859388	0.7948812401746475	 	 	0.0	22.02845406304479	13.862180941763285	10.751963859289052	
2000-7-9	14.953878760648442	9.430579223475855	12.991335961389819	10.751963859289052	0.8647348134036342	 	 	0.0	14.953878760648442	12.991335961389819	9.575918432489733	
2000-7-10	20.87199687876848	9.476374326035227	12.216543618277974	9.575918432489733	0.7027875906973506	 	 	0.0	20.87199687876848	12.216543618277974	8.491463968457976	
2000-7-11	27.2857785630645	9.522699896702537	11.547492636005915	8.491463968457976	0.6335729363896709	 	 	0.0	27.2857785630645	11.547492636005915	7.4762241587339	
2000-7-12	21.207106198755586	9.569542283119482	10.98994982144085	7.4762241587339	0.816801853013071	 	 	0.0	21.207106198755586	10.98994982144085	6.2777554323864235	
2000-7-13	18.625902081695624	9.616887680619776	10.529310572527393	6.277755432386424	0.5726108789056256	 	 	0.0	18.625902081695624	10.529310572527393	5.323477680146393	
2000-7-14	22.5463932972133	9.664722136297463	10.187436497498657	5.323477680146393	0.6831267152621292	 	 	0.0	22.5463932972133	10.187436497498657	4.258684091549858	
2000-7-15	27.360839722998524	9.713031553118899	9.953034900023491	4.258684091549858	0.9317769488722807	Pristine Petroleum	Jeff	11.309733552923255	27.360839722998524	23.803798757201847	14.413713043647585	
2000-7-16	17.354979047048527	9.76180169407721	21.722298100899785	14.413713043647585	0.5645371252791694	 	 	0.0	17.354979047048527	21.722298100899785	13.467509045034006	
2000-7-17	21.103649212784035	9.811018186388	19.837028065595334	13.46750904503401	0.5204994202082961	 	 	0.0	21.103649212784035	19.837028065595334	12.56534275149131	
2000-7-18	24.331074265570383	9.86066652572509	18.148231069334084	12.56534275149131	0.9198866298410897	 	 	0.0	24.331074265570383	18.148231069334084	11.263789248315815	
2000-7-19	26.162824031999804	9.910732080494986	16.59560992796076	11.263789248315815	0.6232315331180485	 	 	0.0	26.162824031999804	16.59560992796076	10.258890841863362	
2000-7-20	18.20697995308625	9.961200096148906	15.225045502416991	10.258890841863362	0.7117162477065788	 	 	0.0	18.20697995308625	15.22504550241699	9.16550772082238	
2000-7-21	20.557031023662574	10.012055699530986	14.021504990434023	9.16550772082238	0.6635220626074912	 	 	0.0	20.557031023662574	14.021504990434023	8.120318784880483	
2000-7-22	21.208436539257914	10.063283903261489	12.991421835005307	8.120318784880483	0.9464535708856637	 	 	0.0	21.208436539257914	12.991421835005307	6.7921983406604145	
2000-7-23	27.980621472860665	10.114869610153638	12.097484420260002	6.7921983406604145	0.839009740382704	 	 	0.0	27.980621472860665	12.097484420260002	5.571521726943304	
2000-7-24	16.332480904798633	10.166797617662839	11.366766648808191	5.571521726943305	0.570984118884557	 	 	0.0	16.332480904798633	11.366766648808191	4.618870734724343	
2000-7-25	24.999500808958498	10.219052622366931	10.843219872021661	4.618870734724343	0.8479832667865375	Pristine Petroleum	Arnold	11.309733552923255	24.999500808958498	21.76360166030825	14.827025407905744	
2000-7-26	21.909066504335254	10.271619224476177	20.11139803372951	14.827025407905744	0.6795220381963447	 	 	0.0	21.909066504335254	20.11139803372951	13.765836496374993	
2000-7-27	21.847442126030117	10.324481932371663	18.59868327819174	13.765836496374993	0.9933584664048203	 	 	0.0	21.847442126030117	18.59868327819174	12.39081115663577	
2000-7-28	20.411325583801265	10.377625167170732	17.189386341083587	12.390811156635769	0.6611372201529045	 	 	0.0	20.411325583801265	17.189386341083587	11.34183410832181	
2000-7-29	26.451872664455987	10.431033267318165	15.925684763552695	11.34183410832181	0.5932213051154372	 	 	0.0	26.451872664455987	15.925684763552695	10.360772975045318	
2000-7-30	17.811441527665608	10.484690493201708	14.813549976039702	10.360772975045318	0.5954308403657401	 	 	0.0	17.811441527665608	14.813549976039702	9.377502306518522	
2000-7-31	24.12869139851856	10.538581031790608	13.849330208773893	9.377502306518522	0.7246401471943781	 	 	0.0	24.12869139851856	13.849330208773893	8.265022331163088	
2000-8-1	10.539117713279163	10.59268900129579	13.016823833926207	8.265022331163088	0.7385300390824882	 	 	0.0	10.539117713279163	13.016823833926207	7.138652463919544	
2000-8-2	14.446099832502805	10.646998455850287	12.316082649291355	7.138652463919544	0.8342107348629741	 	 	0.0	14.446099832502805	12.316082649291355	5.9166019008955155	
2000-8-3	12.685155387029482	10.701493390208567	11.74050044762293	5.9166019008955155	0.9287567171797705	 	 	0.0	12.685155387029482	11.74050044762293	4.600005355554689	
2000-8-4	20.854807267015094	10.756157744463342	11.289448408516474	4.600005355554689	0.8211077084424835	Dodgy Diesel	Trevor	11.309733552923255	20.854807267015094	18.659494559976174	14.77542804912592	
2000-8-5	19.938254173340493	10.810975408778509	17.531123671523105	14.77542804912592	0.7339766573159999	 	 	0.0	19.938254173340493	17.531123671523105	13.653611563648866	
2000-8-6	19.292247565619775	10.865930228136783	16.495459891104687	13.653611563648866	0.8334535154719872	 	 	0.0	19.292247565619775	16.495459891104687	12.432318220015823	
2000-8-7	12.260739266922611	10.921006007100662	15.54529497957432	12.432318220015825	0.5645082124991398	 	 	0.0	12.260739266922611	15.54529497957432	11.479970179355629	
2000-8-8	13.72046379283393	10.976186514585287	14.702781453562565	11.479970179355629	0.9397834483185245	 	 	0.0	13.72046379283393	14.702781453562563	10.15234690287605	
2000-8-9	17.72318556331335	11.031455488641829	13.938007850537192	10.15234690287605	0.5476368877319729	 	 	0.0	17.72318556331335	13.938007850537192	9.216870186983021	
2000-8-10	15.09594593536405	11.086796641249949	13.284349707528957	9.216870186983021	0.8563122538229438	 	 	0.0	15.09594593536405	13.284349707528957	7.972718104999021	
2000-8-11	16.37940400802577	11.142193663117965	12.717024522478463	7.972718104999022	0.5658131104648284	 	 	0.0	16.37940400802577	12.717024522478463	7.019065166373138	
2000-8-12	16.706361962113593	11.19763022848926	12.260248493654945	7.019065166373138	0.6553169839433988	 	 	0.0	16.706361962113593	12.260248493654945	5.975908354268683	
2000-8-13	22.14017841334652	11.25308999995357	11.90479362576438	5.975908354268683	0.6282061662835418	 	 	0.0	22.14017841334652	11.90479362576438	4.959862359824085	
2000-8-14	18.310270366486108	11.308556633261684	11.65135805553082	4.959862359824085	0.9459232015830694	Pristine Petroleum	Earl	11.309733552923255	18.310270366486108	16.69817125634555	14.97791129461693	
2000-8-15	21.502132676863184	11.36401378214218	15.943318725692016	14.97791129461693	0.6589694773763374	 	 	0.0	21.502132676863184	15.943318725692016	13.931101989079536	
2000-8-16	13.460076996373317	11.419445103118738	15.255609434780288	13.931101989079533	0.541354041021428	 	 	0.0	13.460076996373317	15.255609434780288	13.001908119897049	
2000-8-17	14.503378163116025	11.474834260326638	14.640263985454167	13.001908119897049	0.9571625572972068	 	 	0.0	14.503378163116025	14.640263985454167	11.656905734438789	
2000-8-18	16.15710501045729	11.530164930327018	14.076058976224383	11.656905734438789	0.7390757195631207	 	 	0.0	16.15710501045729	14.076058976224383	10.529990186714613	
2000-8-19	16.46993214981727	11.585420806917464	13.576191947954557	10.529990186714613	0.8400565961130392	 	 	0.0	16.46993214981727	13.576191947954557	9.302093762440519	
2000-8-20	15.66040249213402	11.640585605937524	13.136685379881106	9.302093762440519	0.8678095949797764	 	 	0.0	15.66040249213402	13.136685379881106	8.046444339299686	
2000-8-21	14.658210313084462	11.695643070067721	12.758601272786269	8.046444339299686	0.7532298881742492	 	 	0.0	14.658210313084462	12.758601272786269	6.905374622964381	
2000-8-22	18.3891718800635	11.750576973620669	12.450554961380226	6.905374622964382	0.8203162406179815	 	 	0.0	18.3891718800635	12.450554961380226	5.697218554185344	
2000-8-23	11.85893187501293	11.805371127322843	12.211661948776598	5.697218554185344	0.5336253633389709	 	 	0.0	11.85893187501293	12.211661948776598	4.775753362685317	
2000-8-24	15.815884267548965	11.860009383085648	12.056373582809691	4.775753362685317	0.8434698989369604	Pristine Petroleum	Jeff	11.309733552923255	15.815884267548965	14.919429194615182	14.864519284650058	
2000-8-25	16.666072867864525	11.914475638764323	14.491798742805292	14.864519284650058	0.9003825578414335	 	 	0.0	16.666072867864525	14.491798742805292	13.576296898647566	
2000-8-26	14.182293333633657	11.96875384290332	14.098866662270877	13.576296898647566	0.5900307487606681	 	 	0.0	14.182293333633657	14.098866662270877	12.598426321725842	
2000-8-27	16.642333255409667	12.022827999466749	13.750607913499294	12.598426321725842	0.906936820751379	 	 	0.0	16.642333255409667	13.750607913499294	11.30364967281341	
2000-8-28	19.34399496335662	12.076682172552472	13.437761458317755	11.30364967281341	0.7381834867877477	 	 	0.0	19.34399496335662	13.437761458317755	10.177626357864607	
2000-8-29	16.082601973564948	12.130300491088493	13.166465035535273	10.177626357864607	0.6634438466150625	 	 	0.0	16.082601973564948	13.166465035535273	9.126342683088488	
2000-8-30	15.923716548020101	12.183667153510232	12.939113656140867	9.126342683088488	0.7960291323595178	 	 	0.0	15.923716548020101	12.939113656140867	7.9424737225679145	
2000-8-31	16.42624606747394	12.236766432417324	12.752468847954772	7.942473722567913	0.7213093212339268	 	 	0.0	16.42624606747394	12.752468847954772	6.833324573172931	
2000-9-1	18.287551374571464	12.289582679208555	12.60952303604087	6.833324573172929	0.6583625395655955	 	 	0.0	18.287551374571464	12.609523036040871	5.787122205446279	
2000-9-2	22.381796879602092	12.34210032869357	12.512025066144822	5.787122205446279	0.8583042566257165	 	 	0.0	22.381796879602092	12.512025066144822	4.540978120659506	
2000-9-3	17.18037784138711	12.394303903680013	12.457333823343934	4.540978120659506	0.8192775656107183	Pristine Petroleum	Earl	11.309733552923255	17.18037784138711	16.107126128317784	14.671274940792056	
2000-9-4	14.703139294434271	12.446178019534722	15.578576989497947	14.671274940792056	0.7944386369490403	 	 	0.0	14.703139294434271	15.578576989497947	13.48899647568196	
2000-9-5	15.112815366267052	12.497707388717657	15.095077471489365	13.48899647568196	0.6737562711686769	 	 	0.0	15.112815366267052	15.095077471489365	12.427400376352228	
2000-9-6	14.582417862366283	12.548876825287204	14.661587072557598	12.427400376352228	0.7945815627181926	 	 	0.0	14.582417862366283	14.661587072557596	11.24497898547298	
2000-9-7	17.13049122805174	12.59967124937554	14.27382203415932	11.24497898547298	0.7508281514697603	 	 	0.0	17.13049122805174	14.27382203415932	10.013919682493913	
2000-9-8	14.311771475312456	12.65007569163274	13.931068464855908	10.013919682493913	0.8417830396897227	 	 	0.0	14.311771475312456	13.931068464855908	8.633885882223014	
2000-9-9	14.00471172724748	12.70007529763832	13.629802046434452	8.633885882223014	0.5821173065535853	 	 	0.0	14.00471172724748	13.629802046434452	7.513517815088251	
2000-9-10	18.792008409838402	12.749655332278893	13.382363800698002	7.513517815088251	0.9258812219231185	 	 	0.0	18.792008409838402	13.382363800698002	6.049385832583958	
2000-9-11	14.250212858755775	12.798801184090681	13.178654375507314	6.049385832583957	0.6469592654329456	 	 	0.0	14.250212858755775	13.178654375507314	4.864175806569836	
2000-9-12	17.918756802729686	12.847498369565582	13.034920398625747	4.864175806569836	0.5736406240814359	Pristine Petroleum	Jeff	11.309733552923255	17.918756802729686	16.70507259716637	15.099103353460082	
2000-9-13	14.566823577338022	12.895732537419514	16.17032420749181	15.099103353460082	0.7981082982598822	 	 	0.0	14.566823577338022	16.17032420749181	13.762744294619024	
2000-9-14	13.306272538025839	12.943489472821819	15.673660864095703	13.762744294619024	0.5183540799369347	 	 	0.0	13.306272538025839	15.673660864095705	12.706139454100914	
2000-9-15	13.677664336576184	12.990755101584435	15.226626979561363	12.706139454100914	0.8592536719362962	 	 	0.0	13.677664336576184	15.226626979561363	11.308635021583438	
2000-9-16	13.304365813227415	13.037515494309616	14.816999741952719	11.308635021583438	0.8606498617824834	 	 	0.0	13.304365813227415	14.816999741952719	9.909734399219778	
2000-9-17	14.8342183571595	13.083756870495	14.447061412152435	9.909734399219778	0.5291274625903534	 	 	0.0	14.8342183571595	14.447061412152435	8.842356176048249	
2000-9-18	15.884151345235962	13.129465602594777	14.132020981509056	8.842356176048249	0.814418758722339	 	 	0.0	15.884151345235962	14.132020981509056	7.489686656744733	
2000-9-19	13.686330108150328	13.174628220035803	13.86185821376184	7.489686656744732	0.815839468213286	 	 	0.0	13.686330108150328	13.86185821376184	6.135596427950271	
2000-9-20	13.502611047649566	13.219231413187417	13.640564122660896	6.135596427950271	0.8343871555362604	 	 	0.0	13.502611047649566	13.640564122660896	4.762958511832835	
2000-9-21	16.032932599405488	13.263262037283873	13.473234547168612	4.762958511832835	0.9005039303550731	Dodgy Diesel	Trevor	11.309733552923255	16.032932599405488	15.451998734115714	14.647033946528586	
2000-9-22	13.137016230356345	13.306707116298155	15.141987504704563	14.647033946528586	0.5636075250204209	 	 	0.0	13.137016230356345	15.141987504704563	13.520688355674956	
2000-9-23	11.790970515112823	13.349553846766064	14.861486608592548	13.520688355674956	0.5788329231599117	 	 	0.0	11.790970515112823	14.861486608592548	12.379117366681836	
2000-9-24	14.60090628391921	13.391789601559465	14.610360606188634	12.379117366681838	0.5992447816043579	 	 	0.0	14.60090628391921	14.610360606188634	11.21713451924427	
2000-9-25	22.22919142279483	13.433401933607565	14.388484390538803	11.21713451924427	0.9995906115070469	 	 	0.0	22.22919142279483	14.388484390538803	9.654805841904015	
2000-9-26	17.865772249385184	13.474378579565109	14.18832473305856	9.654805841904015	0.986285057322508	 	 	0.0	17.865772249385184	14.18832473305856	8.105782718748298	
2000-9-27	13.925851252500934	13.51470746342645	14.0126761639936	8.105782718748298	0.7347197325869813	 	 	0.0	13.925851252500934	14.0126761639936	6.808324920328106	
2000-9-28	13.301235283369401	13.554376700084411	13.870426875517058	6.808324920328106	0.5214859684637512	 	 	0.0	13.301235283369401	13.870426875517058	5.724100886031145	
2000-9-29	18.118049949360646	13.593374598832867	13.76816202790285	5.724100886031144	0.5658547433075332	 	 	0.0	18.118049949360646	13.76816202790285	4.595508076890402	
2000-9-30	20.01713988465216	13.63168966681206	13.70542362826604	4.595508076890402	0.5460130073270667	Dodgy Diesel	Trevor	11.309733552923255	20.01713988465216	18.426636154555073	13.836761553000743	
2000-10-1	12.198814141233301	13.669310612395591	17.696474631648783	13.836761553000743	0.7779033793443895	 	 	0.0	12.198814141233301	17.696474631648783	12.496120107823147	
2000-10-2	11.820082346792367	13.706226348518118	17.01889717263641	12.496120107823145	0.8933840087728648	 	 	0.0	11.820082346792367	17.01889717263641	11.039998033217072	
2000-10-3	16.163924670141498	13.742425995942765	16.38962114036527	11.039998033217072	0.8618502773889735	 	 	0.0	16.163924670141498	16.38962114036527	9.615409689994891	
2000-10-4	12.678531356555878	13.777898886467284	15.814106439446427	9.615409689994891	0.5055065571527415	 	 	0.0	12.678531356555878	15.814106439446425	8.54716506700894	
2000-10-5	12.047894067115005	13.812634566068017	15.318263195843603	8.54716506700894	0.8056781136400102	 	 	0.0	12.047894067115005	15.318263195843603	7.178748887535722	
2000-10-6	13.491557674207323	13.846622797980746	14.884424134811065	7.178748887535722	0.598711686998417	 	 	0.0	13.491557674207323	14.884424134811065	6.017299134704096	
2000-10-7	16.25749039474543	13.879853565717532	14.531286864331122	6.017299134704097	0.696900197084308	 	 	0.0	16.25749039474543	14.53128686433112	4.75766087178658	
2000-10-8	13.813904715068295	13.912317076018587	14.256200541360517	4.75766087178658	0.9791611305746861	Dodgy Diesel	Francis	11.309733552923255	13.813904715068295	13.91192466981893	14.510494021231812	
2000-10-9	15.502407425928018	13.944003761738422	13.916595907385972	14.510494021231812	0.6222610543270768	 	 	0.0	15.502407425928018	13.916595907385972	13.231133685753354	
2000-10-10	10.13171143341806	13.974904284665318	13.9259075919165	13.231133685753354	0.5678459250333697	 	 	0.0	10.13171143341806	13.9259075919165	12.006188479568602	
2000-10-11	10.37999467708281	14.005009538273333	13.939828927170083	12.006188479568602	0.7824497682832825	 	 	0.0	10.37999467708281	13.939828927170083	10.566639430133936	
2000-10-12	12.031943083999495	14.034310650406049	13.958722607325733	10.566639430133936	0.5225601365656688	 	 	0.0	12.031943083999495	13.958722607325733	9.304313854940967	
2000-10-13	12.821394646909951	14.06279898589123	13.982359078533065	9.304313854940967	0.6608058231233427	 	 	0.0	12.821394646909951	13.982359078533065	7.903742593190324	
2000-10-14	15.035532835770027	14.090466149085648	14.011262390578409	7.903742593190324	0.6461478811312317	 	 	0.0	15.035532835770027	14.011262390578409	6.517829273431792	
2000-10-15	9.194886399505757	14.11730398634932	14.045643003491845	6.517829273431792	0.9931389643105981	 	 	0.0	9.194886399505757	14.045643003491845	4.7796661231058515	
2000-10-16	11.966795431790628	14.143304588448418	14.08882306430804	4.7796661231058515	0.9948659610662379	Dodgy Diesel	Trevor	11.309733552923255	11.966795431790628	12.417524714250323	14.311225981557785	
2000-10-17	15.689137013440474	14.168460292886163	12.67560816761008	14.311225981557785	0.5373404553244159	 	 	0.0	15.689137013440474	12.67560816761008	12.950385828397874	
2000-10-18	16.110121784662486	14.192763686160996	12.922803002578329	12.950385828397874	0.5349374050545949	 	 	0.0	16.110121784662486	12.922803002578329	11.59194872550778	
2000-10-19	16.75046137139207	14.216207605951364	13.158302436521842	11.59194872550778	0.8713125103438781	 	 	0.0	16.75046137139207	13.158302436521842	9.897136517328404	
2000-10-20	12.186829052971243	14.238785143226501	13.388783076779692	9.897136517328404	0.899347491744226	 	 	0.0	12.186829052971243	13.388783076779692	8.174289327748678	
2000-10-21	17.78694516007275	14.26048964428254	13.61397788509694	8.174289327748678	0.6265319775367884	 	 	0.0	17.78694516007275	13.61397788509694	6.724257652376393	
2000-10-22	10.307843750030697	14.281314712703402	13.823605329327757	6.724257652376393	0.9883662855330055	 	 	0.0	10.307843750030697	13.823605329327755	4.830960141328754	
2000-10-23	8.675171870048773	14.301254211245832	14.032498625315755	4.830960141328754	0.6397725998903958	Dodgy Diesel	Trevor	11.309733552923255	8.675171870048773	9.936771312104996	13.954943462299568	
2000-10-24	12.127230710805714	14.320302263648092	10.597558404027719	13.954943462299568	0.9405204407076102	 	 	0.0	12.127230710805714	10.597558404027717	12.109491796077325	
2000-10-25	11.51309468517126	14.338453256361706	11.247889908462641	12.109491796077325	0.759454384932176	 	 	0.0	11.51309468517126	11.247889908462641	10.445106185630516	
2000-10-26	15.20305646779481	14.355701840205812	11.874708553413413	10.445106185630516	0.9007123451671504	 	 	0.0	15.20305646779481	11.874708553413413	8.639462614948734	
2000-10-27	17.131627675902227	14.372042931943582	12.4840962226473	8.639462614948734	0.7292582506081197	 	 	0.0	17.131627675902227	12.4840962226473	7.005273138825982	
2000-10-28	8.278424685709023	14.387471715780274	13.05728610460153	7.005273138825982	0.8983143115314084	 	 	0.0	8.278424685709023	13.05728610460153	5.20202760177994	
2000-10-29	10.621904240492297	14.401983644782474	13.602954912408737	5.20202760177994	0.7181763896569434	Dodgy Diesel	Trevor	11.309733552923255	10.621904240492297	11.363663422117387	14.383295947129213	
2000-10-30	10.542624932442527	14.415574442218096	11.810727275322149	14.383295947129213	0.7513153464639274	 	 	0.0	10.542624932442527	11.810727275322149	12.727049375150653	
2000-10-31	12.608773467415395	14.428240102816757	12.244271874617512	12.727049375150653	0.7745422377529577	 	 	0.0	12.608773467415395	12.244271874617512	11.047575911883063	
2000-11-1	8.772906320016546	14.439976893950142	12.663441524203822	11.047575911883063	0.9814129308483945	 	 	0.0	8.772906320016546	12.663441524203822	9.161231755520037	
2000-11-2	6.993608582957137	14.450781356732032	13.07510217980911	9.161231755520037	0.5613922328480715	 	 	0.0	6.993608582957137	13.07510217980911	7.694908297157333	
2000-11-3	5.718172661617584	14.460650307037655	13.455207530503392	7.694908297157333	0.6657452715552724	 	 	0.0	5.718172661617584	13.455207530503392	6.124231800087427	
2000-11-4	8.099338215093281	14.469580836442056	13.805004867671828	6.124231800087427	0.8968653483630068	 	 	0.0	8.099338215093281	13.805004867671828	4.322435226209788	
2000-11-5	9.035601271582584	14.477570313077232	14.133740071303366	4.322435226209788	0.8042816702832933	Dodgy Diesel	Francis	11.309733552923255	9.035601271582584	10.029931723733593	13.39853378336054	
2000-11-6	8.385545028521978	14.484616382407744	10.729403664104199	13.39853378336054	0.655961070415623	 	 	0.0	8.385545028521978	10.729403664104199	11.837641487430284	
2000-11-7	9.742225789454187	14.490716967924623	11.398399392191541	11.837641487430286	0.5265783773524008	 	 	0.0	9.742225789454187	11.398399392191541	10.406131884563253	
2000-11-8	6.945010056878213	14.495870271757312	12.025577422333203	10.406131884563253	0.918654086205806	 	 	0.0	6.945010056878213	12.025577422333203	8.582546572842816	
2000-11-9	6.840203467293024	14.500074775203519	12.63349911466236	8.582546572842816	0.884586740999243	 	 	0.0	6.840203467293024	12.63349911466236	6.79302860632894	
2000-11-10	11.188158086837552	14.50332923917678	13.214277283134983	6.79302860632894	0.5196017787266717	 	 	0.0	11.188158086837552	13.214277283134981	5.368495602087637	
2000-11-11	9.498996970784576	14.505632704571626	13.722140251534823	5.368495602087637	0.7249388084101378	Dodgy Diesel	Francis	11.309733552923255	9.498996970784576	10.61148534519325	14.192284441462446	
2000-11-12	5.938477088947871	14.506984492546232	11.189318897507833	14.192284441462446	0.8071074279993014	 	 	0.0	5.938477088947871	11.189318897507832	12.480245787948512	
2000-11-13	6.860846125494921	14.507384204722475	11.749377488456567	12.480245787948512	0.7819189475912933	 	 	0.0	6.860846125494921	11.749377488456567	10.793395614842586	
2000-11-14	6.360554052655497	14.506831723303344	12.287886754336805	10.793395614842586	0.6254957840677782	 	 	0.0	6.360554052655497	12.287886754336805	9.262968605260175	
2000-11-15	9.698528306986399	14.505327211107648	12.792787195098848	9.262968605260175	0.6240086949594948	 	 	0.0	9.698528306986399	12.792787195098848	7.734028684786048	
2000-11-16	11.127030478810662	14.502871111522039	13.259404116162047	7.734028684786048	0.5582666882497324	 	 	0.0	11.127030478810662	13.259404116162047	6.270830771021683	
2000-11-17	11.385333290712774	14.499464148370336	13.676939119948505	6.270830771021683	0.875661855639219	 	 	0.0	11.385333290712774	13.676939119948505	4.490237689867832	
2000-11-18	6.375096805040985	14.495107325700216	14.061842064136195	4.490237689867832	0.6533008616060576	Dodgy Diesel	Francis	11.309733552923255	6.375096805040985	8.04932653237512	13.461462186819254	
2000-11-19	8.313715861183555	14.48980192748732	9.053663595719234	13.461462186819254	0.5434341147742494	 	 	0.0	8.313715861183555	9.053663595719234	12.01309684653037	
2000-11-20	11.4387663770126	14.483549517256854	10.003556070076531	12.013096846530368	0.8206531286763981	 	 	0.0	11.4387663770126	10.003556070076531	10.287512492339339	
2000-11-21	10.284974631182694	14.47635193762281	10.918230531540466	10.287512492339339	0.6241515964363045	 	 	0.0	10.284974631182694	10.918230531540466	8.758429670388402	
2000-11-22	12.388646333985713	14.468211309744941	11.771802556897791	8.758429670388402	0.9050624032395259	 	 	0.0	12.388646333985713	11.771802556897791	6.948436041634243	
2000-11-23	10.136609299383869	14.459130032703648	12.587046080159737	6.948436041634243	0.697137967656762	 	 	0.0	10.136609299383869	12.587046080159737	5.346366848462848	
2000-11-24	5.9283457714797585	14.44911078279296	13.321872996759325	5.346366848462848	0.5937600453926607	 	 	0.0	5.9283457714797585	13.321872996759325	3.8476755775555542	
2000-11-25	7.86749722223448	14.438156512731812	13.93447956222582	3.8476755775555542	0.8695231638264507	Dodgy Diesel	Trevor	11.309733552923255	7.86749722223448	8.829946878768268	13.068939502864762	
2000-11-26	6.160265468687945	14.426270450793869	9.72963736074697	13.068939502864762	0.7186048445159076	 	 	0.0	6.160265468687945	9.72963736074697	11.445403432834222	
2000-11-27	5.193606874561435	14.413456099856143	10.590302825351898	11.445403432834222	0.7391161145826951	 	 	0.0	5.193606874561435	10.590302825351898	9.72906206887114	
2000-11-28	7.186411385372236	14.399717236366671	11.414571782997593	9.72906206887114	0.9969711623216626	 	 	0.0	7.186411385372236	11.414571782997593	7.75486565716909	
2000-11-29	9.695891008275103	14.385057909231586	12.221684171386867	7.754865657169091	0.5435039700487944	 	 	0.0	9.695891008275103	12.221684171386867	6.2341364377399096	
2000-11-30	11.934198122547853	14.369482438621876	12.948273580854886	6.2341364377399096	0.7366149824572901	 	 	0.0	11.934198122547853	12.948273580854886	4.520296205902232	
2000-12-1	5.070848757217035	14.352995414700224	13.604188808288178	4.520296205902232	0.6850997180486432	Pristine Petroleum	Josh	11.309733552923255	5.070848757217035	6.807475393344962	14.043341226442088	
2000-12-2	5.433798235743851	14.335601696268256	7.931229776112935	14.043341226442086	0.8693405176918596	 	 	0.0	5.433798235743851	7.931229776112936	12.196775459369839	
2000-12-3	8.22698276636304	14.317306409334623	9.03019996741022	12.196775459369839	0.6166733332807479	 	 	0.0	8.22698276636304	9.03019996741022	10.602876876708704	
2000-12-4	10.209501877526206	14.298114945604368	10.074300755258719	10.602876876708704	0.9083411785656804	 	 	0.0	10.209501877526206	10.074300755258719	8.717310448762637	
2000-12-5	9.601063633148938	14.27803296088993	11.088876776997644	8.717310448762637	0.9822535029949316	 	 	0.0	9.601063633148938	11.088876776997644	6.757831696387316	
2000-12-6	7.170844494131409	14.257066373444388	12.076353411735804	6.757831696387316	0.6449078045299553	 	 	0.0	7.170844494131409	12.076353411735804	5.135698642476974	
2000-12-7	6.879980910554575	14.235221362217295	12.962749793503813	5.135698642476974	0.6720827774996274	Pristine Petroleum	Josh	11.309733552923255	6.879980910554575	8.323195600019796	14.694215978509474	
2000-12-8	9.78837206087085	14.212504365033725	9.164792026281123	14.694215978509474	0.8003959152942504	 	 	0.0	9.78837206087085	9.164792026281123	12.916594813834838	
2000-12-9	5.917197613501362	14.18892207669702	9.982324937814694	12.916594813834834	0.6480616408796188	 	 	0.0	5.917197613501362	9.982324937814694	11.291307923574827	
2000-12-10	10.521542417057042	14.164481447015794	10.761515374877652	11.291307923574827	0.5731458344732664	 	 	0.0	10.521542417057042	10.761515374877652	9.740936839721174	
2000-12-11	5.1251656135264225	14.139189678755793	11.491614120248805	9.740936839721174	0.5069205232351751	 	 	0.0	5.1251656135264225	11.491614120248805	8.256791067105612	
2000-12-12	4.973084011202896	14.113054225517214	12.160645866935006	8.256791067105612	0.800835842816495	 	 	0.0	4.973084011202896	12.160645866935006	6.47872997490873	
2000-12-13	8.348506787602249	14.086082789538086	12.78737762812188	6.478729974908732	0.7525774048867988	 	 	0.0	8.348506787602249	12.78737762812188	4.649830829098729	
2000-12-14	9.464209103207885	14.058283319424389	13.364173824044652	4.649830829098729	0.864205652949882	Dodgy Diesel	Trevor	11.309733552923255	9.464209103207885	10.260157962007638	13.27495818180469	
2000-12-15	7.461271333334127	14.029664007807563	10.85770657891493	13.27495818180469	0.9431510347725927	 	 	0.0	7.461271333334127	10.85770657891493	11.25548540610889	
2000-12-16	7.034828755344783	14.000233288930104	11.445636913659923	11.255485406108889	0.7112365817040719	 	 	0.0	7.034828755344783	11.445636913659923	9.467927083481614	
2000-12-17	7.868804340867441	13.96999983615995	12.007451096914949	9.467927083481614	0.6770690666285347	 	 	0.0	7.868804340867441	12.007451096914949	7.714536275929875	
2000-12-18	8.2109025763758	13.9389725594344	12.535358488305354	7.714536275929875	0.7438126390929702	 	 	0.0	8.2109025763758	12.535358488305354	5.894401895913703	
2000-12-19	5.554202887551778	13.907160602634324	13.026351939655232	5.8944018959137034	0.792920676706467	 	 	0.0	5.554202887551778	13.026351939655232	4.025159478284033	
2000-12-20	7.846752884893362	13.874573340889402	13.471176024293195	4.025159478284033	0.9372305708772125	Dodgy Diesel	Francis	11.309733552923255	7.846752884893362	8.701845362402173	13.231469334773099	
2000-12-21	6.944867567199705	13.841220377815244	9.517809413673623	13.231469334773102	0.8334264729212869	 	 	0.0	6.944867567199705	9.517809413673623	11.321721120928611	
2000-12-22	7.26650746461224	13.807111542683158	10.314403704204379	11.32172112092861	0.5251963189679647	 	 	0.0	7.26650746461224	10.314403704204379	9.720203061037441	
2000-12-23	8.67661594002962	13.772256887523413	11.063054717610981	9.720203061037441	0.6919420147478837	 	 	0.0	8.67661594002962	11.063054717610981	7.951939305366354	
2000-12-24	6.366357200407127	13.736666684162868	11.771221992071796	7.951939305366354	0.8778834129129107	 	 	0.0	6.366357200407127	11.771221992071796	5.997734151530239	
2000-12-25	11.967942557235359	13.700351421197809	12.449218882807788	5.997734151530239	0.8774882377420653	 	 	0.0	11.967942557235359	12.449218882807788	4.043924172864971	
2000-12-26	6.593772179522852	13.663321800902917	13.08255565105	4.043924172864971	0.9920188855886956	Dodgy Diesel	Francis	11.309733552923255	6.593772179522852	7.566403389764143	13.17985041731967	
2000-12-27	9.45971218098551	13.625588736077257	8.530953025098214	13.17985041731967	0.9603770523830932	 	 	0.0	9.45971218098551	8.530953025098214	11.143151624013374	
2000-12-28	9.374029250704256	13.587163346828227	9.483975988062937	11.143151624013374	0.8661808685642662	 	 	0.0	9.374029250704256	9.483975988062937	9.200649014525904	
2000-12-29	8.052092540780981	13.548056957294408	10.412708266113148	9.200649014525904	0.9197834894911463	 	 	0.0	8.052092540780981	10.412708266113148	7.204543784111555	
2000-12-30	10.467851464560123	13.508281092308291	11.317045277180233	7.204543784111555	0.9871141404218314	 	 	0.0	10.467851464560123	11.317045277180233	5.14110790276652	
2000-12-31	5.79680240669449	13.467847473999857	12.198453869632704	5.14110790276652	0.6792346591334623	Dodgy Diesel	Trevor	11.309733552923255	5.79680240669449	7.393651591201693	13.572428091801083	