Date	Air temperature	Underground temperature	Fuel temperature (start of day)	Fuel volume (start of day)	Amount of sales	Supplier name	Driver name	Refill volume	Refill temperature	Fuel temperature (end of day)	Fuel volume (end of day)
2000-1-1	3.047196305469464	13.42676801834201	13.42676801834201	14.765485471872028	0.8328952035890066	 	 	0.0	3.047196305469464	13.426768018342012	13.932590268283022	
2000-1-2	2.385110719176738	13.385054831638886	13.420584807139113	13.932590268283022	0.7168995802458924	 	 	0.0	2.385110719176738	13.420584807139113	13.215690688037128	
2000-1-3	4.231043392407959	13.342720206958067	13.408431329198521	13.215690688037132	0.8521110801953274	 	 	0.0	4.231043392407959	13.40843132919852	12.363579607841803	
2000-1-4	4.30344041795883	13.299776620507759	13.390332338825958	12.363579607841803	0.6750174661243609	 	 	0.0	4.30344041795883	13.39033233882596	11.68856214171744	
2000-1-5	1.6757519485667467	13.256236727959998	13.366739855834279	11.68856214171744	0.8989656700771539	 	 	0.0	1.6757519485667467	13.366739855834279	10.789596471640287	
2000-1-6	1.806583594741526	13.212113360720965	13.337333488810383	10.789596471640287	0.6267518352695145	 	 	0.0	1.806583594741526	13.337333488810383	10.162844636370773	
2000-1-7	2.591461194926289	13.167419522149507	13.303087866732078	10.162844636370773	0.6750910096664722	 	 	0.0	2.591461194926289	13.303087866732076	9.487753626704299	
2000-1-8	2.8477545701436675	13.122168383724995	13.26411422727483	9.487753626704299	0.7347952250139035	 	 	0.0	2.8477545701436675	13.26411422727483	9.067117667049377	
2000-1-9	2.5169027762106086	13.076373281165623	13.22039552145947	9.067117667049377	0.5666066157348534	 	 	0.0	2.5169027762106086	13.22039552145947	8.500511051314524	
2000-1-10	4.543461706276303	13.030047710498312	13.173117512557257	8.500511051314524	0.9244190180567078	 	 	0.0	4.543461706276303	13.173117512557257	7.576092033257817	
2000-1-11	4.175111407648279	12.983205324081368	13.120194936120681	7.576092033257817	0.8140768125278401	 	 	0.0	4.175111407648279	13.120194936120681	6.762015220729977	
2000-1-12	2.1364204084769614	12.935859926581074	13.062645724256312	6.762015220729977	0.5492626252866457	 	 	0.0	2.1364204084769614	13.062645724256312	6.212752595443331	
2000-1-13	4.385801545602096	12.888025470903386	13.003313541479166	6.212752595443331	0.7444108489330281	 	 	0.0	4.385801545602096	13.003313541479164	5.468341746510303	
2000-1-14	3.6206462341908394	12.839716054081949	12.940163744019179	5.468341746510303	0.855045388962346	 	 	0.0	3.6206462341908394	12.940163744019179	4.613296357547957	
2000-1-15	4.291930790187273	12.79094591312364	12.871893774649218	4.613296357547957	0.6343752800855382	 	 	0.0	4.291930790187273	12.871893774649218	3.978921077462419	
2000-1-16	2.770501056791629	12.741729420812847	12.802851679982458	3.978921077462419	0.5851080692160319	Pristine Petroleum	Josh	11.309733552923255	2.770501056791629	5.110442179522326	14.236600887332408	
2000-1-17	0.6911051560985761	12.692081081475761	6.20066519898839	14.236600887332408	0.6798077923507895	 	 	0.0	0.6911051560985761	6.20066519898839	13.55679309498162	
2000-1-18	0.9017444827548139	12.642015526705862	7.173486948985964	13.55679309498162	0.8445308377399791	 	 	0.0	0.9017444827548139	7.173486948985964	12.71226225724164	
2000-1-19	5.441912975834416	12.591547511051944	8.045755252875233	12.71226225724164	0.5614648867476684	 	 	0.0	5.441912975834416	8.045755252875233	12.15079737049397	
2000-1-20	3.5067490252829763	12.540691907669864	8.802736081314231	12.15079737049397	0.5339225100212133	 	 	0.0	3.5067490252829763	8.802736081314231	11.616874860472757	
2000-1-21	3.235194272260525	12.48946370393936	9.451939024069704	11.616874860472757	0.6898914456613843	 	 	0.0	3.235194272260525	9.451939024069704	10.926983414811373	
2000-1-22	5.122537905390563	12.437877997047211	10.01041132063223	10.926983414811373	0.7241750848933348	 	 	0.0	5.122537905390563	10.01041132063223	10.202808329918037	
2000-1-23	1.770909979585279	12.38594998953801	10.485607275097305	10.202808329918037	0.7763522649292736	 	 	0.0	1.770909979585279	10.485607275097305	9.426456064988763	
2000-1-24	5.962689448476708	12.333694984833919	10.884969720134785	9.426456064988763	0.8133602093614478	 	 	0.0	5.962689448476708	10.884969720134785	8.927255120986294	
2000-1-25	1.872298598390639	12.281128382724672	11.214307191450162	8.927255120986294	0.855975710769161	 	 	0.0	1.872298598390639	11.214307191450162	8.071279410217132	
2000-1-26	2.784837801085054	12.228265674829185	11.478950894062095	8.071279410217132	0.8178034643542951	 	 	0.0	2.784837801085054	11.478950894062095	7.253475945862837	
2000-1-27	4.158678936462702	12.175122440030117	11.68119787227683	7.253475945862837	0.7428525197876166	 	 	0.0	4.158678936462702	11.68119787227683	6.51062342607522	
2000-1-28	0.5685089777106116	12.121714339882685	11.823807714495684	6.51062342607522	0.6770840708449027	 	 	0.0	0.5685089777106116	11.823807714495684	5.833539355230318	
2000-1-29	4.680155163743338	12.068057113999142	11.91207106349406	5.833539355230319	0.5441837607377576	 	 	0.0	4.680155163743338	11.91207106349406	5.289355594492561	
2000-1-30	6.410687219725549	12.014166575410242	11.952764623884509	5.289355594492561	0.8290488538273995	 	 	0.0	6.410687219725549	11.952764623884509	4.460306740665162	
2000-1-31	2.903577996461927	11.96005860590506	11.956212419291091	4.460306740665162	0.7018735867688144	Dodgy Diesel	Francis	11.309733552923255	2.903577996461927	5.2916256160051205	13.933346130439126	
2000-2-1	2.835614350878307	11.90574915135056	6.263160862739284	13.933346130439126	0.8940010029965088	 	 	0.0	2.835614350878307	6.263160862739284	13.039345127442616	
2000-2-2	6.226914949258071	11.851254216992283	7.139881295196588	13.039345127442616	0.6880072190483537	 	 	0.0	6.226914949258071	7.139881295196588	12.35133790839426	
2000-2-3	5.64651317103105	11.796589862737507	7.910912544596155	12.351337908394262	0.9487009930278365	 	 	0.0	5.64651317103105	7.9109125445961554	11.402636915366426	
2000-2-4	1.967554559725157	11.741772198422339	8.597149937654118	11.402636915366426	0.66874033885631	 	 	0.0	1.967554559725157	8.597149937654118	10.733896576510116	
2000-2-5	4.136498231738985	11.686817379064065	9.184563692585938	10.733896576510116	0.5400927473007576	 	 	0.0	4.136498231738985	9.184563692585938	10.193803829209358	
2000-2-6	2.9756370667124745	11.631741600100188	9.674059488384684	10.193803829209358	0.8073807217947899	 	 	0.0	2.9756370667124745	9.674059488384684	9.386423107414569	
2000-2-7	3.0514221807807407	11.576561092615563	10.086504217032239	9.386423107414569	0.763473557928649	 	 	0.0	3.0514221807807407	10.086504217032239	8.9371088148449	
2000-2-8	4.031870817878537	11.521292118559021	10.424280091672939	8.9371088148449	0.5377395189621633	 	 	0.0	4.031870817878537	10.424280091672939	8.399369295882735	
2000-2-9	6.304073701610758	11.4659509659509	10.68530695718276	8.399369295882735	0.8682524127426696	 	 	0.0	6.304073701610758	10.68530695718276	7.531116883140066	
2000-2-10	2.0987504813340667	11.410553944082885	10.888053856180466	7.531116883140066	0.8993928484747757	 	 	0.0	2.0987504813340667	10.888053856180466	6.63172403466529	
2000-2-11	4.681884565618344	11.35511737871159	11.036365522780143	6.63172403466529	0.6698815388195313	 	 	0.0	4.681884565618344	11.036365522780143	5.961842495845759	
2000-2-12	5.017782493937163	11.29965760724728	11.129380935192602	5.961842495845759	0.7712933963404413	 	 	0.0	5.017782493937163	11.129380935192602	5.190549099505318	
2000-2-13	3.9634743836035846	11.244190973939165	11.17597270508885	5.190549099505318	0.8868312150780588	 	 	0.0	3.9634743836035846	11.17597270508885	4.303717884427259	
2000-2-14	4.541341134936427	11.188733825058668	11.18221882339911	4.303717884427259	0.6591132820014017	Pristine Petroleum	Earl	11.309733552923255	4.541341134936427	6.17412052365137	14.5092599637184	
2000-2-15	5.7997390549230206	11.13330250408211	6.874948618014196	14.5092599637184	0.8121155101212804	 	 	0.0	5.7997390549230206	6.874948618014196	13.69714445359712	
2000-2-16	4.603091897669639	11.077913346874212	7.503824101700409	13.697144453597119	0.9595008794857712	 	 	0.0	4.603091897669639	7.503824101700409	12.737643574111345	
2000-2-17	2.42465134575379	11.02258267687383	8.06942437430498	12.737643574111345	0.7532788940355912	 	 	0.0	2.42465134575379	8.06942437430498	11.984364680075755	
2000-2-18	2.348909748694077	10.967326800283384	8.564070106024213	11.984364680075755	0.9757907821211858	 	 	0.0	2.348909748694077	8.564070106024213	11.008573897954571	
2000-2-19	4.910529017450884	10.912162001263326	8.999648250681474	11.008573897954571	0.577032541676913	 	 	0.0	4.910529017450884	8.999648250681474	10.431541356277659	
2000-2-20	3.3857834064109604	10.857104537133127	9.362890612639774	10.431541356277659	0.8255518050821764	 	 	0.0	3.3857834064109604	9.362890612639774	9.605989551195483	
2000-2-21	6.761055792994287	10.80217063358018	9.66790142937279	9.605989551195483	0.8921246474474419	 	 	0.0	6.761055792994287	9.66790142937279	9.02802416910702	
2000-2-22	3.1841654350927526	10.747376479878007	9.919353636859666	9.02802416910702	0.7461852843294761	 	 	0.0	3.1841654350927526	9.919353636859666	8.281838884777544	
2000-2-23	6.991035432807329	10.692738224115201	10.115791801308292	8.281838884777544	0.6476770431637564	 	 	0.0	6.991035432807329	10.115791801308292	7.634161841613788	
2000-2-24	4.904052117795084	10.638271968436527	10.259791167085277	7.634161841613788	0.7168799989162408	 	 	0.0	4.904052117795084	10.259791167085277	6.917281842697548	
2000-2-25	5.236895939647513	10.583993764297528	10.358419752433225	6.917281842697548	0.7986035685720472	 	 	0.0	5.236895939647513	10.358419752433225	6.1186782741255	
2000-2-26	6.700103230790475	10.529919607734099	10.41740937792188	6.1186782741255	0.782664417667696	 	 	0.0	6.700103230790475	10.41740937792188	5.336013856457804	
2000-2-27	3.3675364130676027	10.476065434648378	10.440545680413264	5.336013856457804	0.8572521193021537	 	 	0.0	3.3675364130676027	10.440545680413264	4.47876173715565	
2000-2-28	5.433593179958128	10.422447116112357	10.432040267560746	4.47876173715565	0.9797398703145213	Dodgy Diesel	Francis	11.309733552923255	5.433593179958128	6.624267158856202	14.374727843735302	
2000-2-29	1.464061092242975	10.369080453690618	7.158595179526583	14.374727843735302	0.7803626340642396	 	 	0.0	1.464061092242975	7.158595179526583	13.594365209671063	
2000-3-1	7.477167175741005	10.315981174783525	7.634665167555138	13.594365209671063	0.8153248184548103	 	 	0.0	7.477167175741005	7.634665167555138	12.779040391216252	
2000-3-2	5.212554742358669	10.263164927992294	8.055891875696926	12.779040391216252	0.6145547881596646	 	 	0.0	5.212554742358669	8.055891875696926	12.164485603056589	
2000-3-3	5.311909770501511	10.21064727850728	8.418374773713374	12.164485603056589	0.5736317796145307	 	 	0.0	5.311909770501511	8.418374773713374	11.590853823442059	
2000-3-4	13.095614003200048	10.158443703520838	8.72532538198279	11.590853823442059	0.7330799708477447	 	 	0.0	13.095614003200048	8.72532538198279	10.857773852594311	
2000-3-5	12.333635263438628	10.106569587666128	8.985055475661708	10.857773852594311	0.7496682418197445	 	 	0.0	12.333635263438628	8.985055475661708	10.108105610774569	
2000-3-6	8.33955452133144	10.05504021848319	9.200790697412677	10.108105610774569	0.5401298225943922	 	 	0.0	8.33955452133144	9.200790697412677	9.567975788180176	
2000-3-7	7.296203959646096	10.003870781913644	9.37160249894136	9.567975788180176	0.5872436666227542	 	 	0.0	7.296203959646096	9.37160249894136	9.294891386916401	
2000-3-8	10.509729517616506	9.95307635782531	9.503118385674755	9.294891386916401	0.8572206954241172	 	 	0.0	10.509729517616506	9.503118385674755	8.437670691492285	
2000-3-9	7.19593810889143	9.90267191556811	9.60268375380079	8.437670691492285	0.8024851808465894	 	 	0.0	7.19593810889143	9.60268375380079	7.635185510645696	
2000-3-10	10.26073231655411	9.852672309562529	9.67153385197909	7.635185510645698	0.880996406739845	 	 	0.0	10.26073231655411	9.671533851979088	6.754189103905851	
2000-3-11	9.020167277900098	9.803092274921957	9.712496003100355	6.754189103905851	0.9478363695328789	 	 	0.0	9.020167277900098	9.712496003100355	5.8063527343729735	
2000-3-12	8.918503786774256	9.753946423110166	9.727509526847857	5.8063527343729735	0.8137975576056338	 	 	0.0	8.918503786774256	9.727509526847857	4.99255517676734	
2000-3-13	5.6072733450885615	9.705249237635268	9.71813234576322	4.99255517676734	0.5560066618804677	 	 	0.0	5.6072733450885615	9.71813234576322	4.436548514886872	
2000-3-14	8.502576718000183	9.657015069781336	9.689160337892737	4.436548514886872	0.9091694978612346	Pristine Petroleum	Josh	11.309733552923255	8.502576718000183	8.78623721742601	14.441261990781776	
2000-3-15	7.052222051615516	9.609258134379031	8.903421349196488	14.441261990781776	0.9892647787013698	 	 	0.0	7.052222051615516	8.903421349196488	13.451997212080405	
2000-3-16	6.329201940120633	9.561992505616415	9.003942198341111	13.451997212080405	0.6337969612753802	 	 	0.0	6.329201940120633	9.003942198341111	12.818200250805024	
2000-3-17	6.819121006698346	9.515232112891233	9.085758371625799	12.818200250805024	0.927453989472446	 	 	0.0	6.819121006698346	9.085758371625799	11.890746261332575	
2000-3-18	9.293043537189897	9.46899073670585	9.151748957207714	11.890746261332575	0.7209213738205641	 	 	0.0	9.293043537189897	9.151748957207714	11.169824887512013	
2000-3-19	8.369421614092841	9.42328200460607	9.201444360124919	11.169824887512013	0.6107787480748778	 	 	0.0	8.369421614092841	9.201444360124919	10.559046139437134	
2000-3-20	8.992065277431278	9.378119387165047	9.235597268416532	10.559046139437134	0.9132034273403159	 	 	0.0	8.992065277431278	9.235597268416532	9.645842712096819	
2000-3-21	11.736158577840362	9.333516194013432	9.256262193486743	9.645842712096819	0.8960355421761549	 	 	0.0	11.736158577840362	9.256262193486743	9.063966435279644	
2000-3-22	11.704325749686374	9.289485569916975	9.263967006147512	9.063966435279644	0.8417092536390798	 	 	0.0	11.704325749686374	9.263967006147512	8.222257181640565	
2000-3-23	11.13935157878427	9.246040490902693	9.25938405586187	8.222257181640565	0.9155353867969777	 	 	0.0	11.13935157878427	9.25938405586187	7.306721794843588	
2000-3-24	10.24446517326638	9.203193760434786	9.243219013115672	7.306721794843586	0.6905109461362708	 	 	0.0	10.24446517326638	9.243219013115672	6.616210848707314	
2000-3-25	7.91646001570328	9.160958005641383	9.217084465327597	6.616210848707316	0.9795738407466761	 	 	0.0	7.91646001570328	9.217084465327597	5.6366370079606405	
2000-3-26	6.137219897578014	9.119345673593285	9.1806372315043	5.6366370079606405	0.6284650040292088	 	 	0.0	6.137219897578014	9.1806372315043	5.008172003931431	
2000-3-27	7.7078786332331495	9.078369027635741	9.137717059195554	5.008172003931431	0.8895117658004585	 	 	0.0	7.7078786332331495	9.137717059195554	4.118660238130973	
2000-3-28	8.288963200272963	9.0380401437744	9.08685218784634	4.118660238130973	0.9330819502060206	Dodgy Diesel	Francis	11.309733552923255	8.288963200272963	8.465338594289411	14.096795557234657	
2000-3-29	7.9150560313349745	8.998370907116438	8.543019695957375	14.096795557234657	0.7461171542133338	 	 	0.0	7.9150560313349745	8.543019695957375	13.350678403021323	
2000-3-30	9.8654642985263	8.959373008367983	8.607015227028274	13.350678403021323	0.7085386729725937	 	 	0.0	9.8654642985263	8.607015227028274	12.642139730048731	
2000-3-31	10.199594019444318	8.92105794038879	8.657928469783636	12.64213973004873	0.8719829072431402	 	 	0.0	10.199594019444318	8.657928469783636	11.770156822805586	
2000-4-1	10.869371061753744	8.883436994805258	8.697128686852155	11.770156822805586	0.8467049211362975	 	 	0.0	10.869371061753744	8.697128686852155	10.923451901669289	
2000-4-2	11.2215967186036	8.846521258682731	8.725055508818889	10.923451901669289	0.6931344345766787	 	 	0.0	11.2215967186036	8.725055508818889	10.23031746709261	
2000-4-3	10.040189975313359	8.810321611258082	8.742043083480935	10.23031746709261	0.6618096127658111	 	 	0.0	10.040189975313359	8.742043083480935	9.568507854326798	
2000-4-4	12.668417517113786	8.774848720733566	8.749016771502697	9.568507854326798	0.8779198881349007	 	 	0.0	12.668417517113786	8.749016771502697	9.004747231550876	
2000-4-5	14.849901114793832	8.740113041132833	8.746939505828426	9.004747231550876	0.8649704543663539	 	 	0.0	14.849901114793832	8.746939505828426	8.139776777184522	
2000-4-6	12.199428506297501	8.706124809220102	8.736405473531656	8.139776777184522	0.829023941253014	 	 	0.0	12.199428506297501	8.736405473531656	7.310752835931507	
2000-4-7	7.2125328505838615	8.672894041483318	8.71815495177788	7.310752835931507	0.7877611527274812	 	 	0.0	7.2125328505838615	8.71815495177788	6.522991683204026	
2000-4-8	8.287199348911598	8.640430531182263	8.693123425234486	6.522991683204026	0.8347531592236275	 	 	0.0	8.287199348911598	8.693123425234486	5.6882385239804	
2000-4-9	11.360483075609471	8.608743845462428	8.661961510257703	5.6882385239804005	0.9979361089570529	 	 	0.0	11.360483075609471	8.661961510257703	4.690302415023348	
2000-4-10	10.907676758562042	8.577843322535532	8.624287782634049	4.690302415023348	0.6387444579286049	 	 	0.0	10.907676758562042	8.624287782634049	4.051557957094743	
2000-4-11	11.189107538263741	8.547738068927517	8.584600363766347	4.051557957094743	0.5765458923631789	Dodgy Diesel	Francis	11.309733552923255	11.189107538263741	10.570217382355189	14.309912175511867	
2000-4-12	7.648036649857904	8.518436956794801	10.274869024397226	14.309912175511867	0.8278622577784983	 	 	0.0	7.648036649857904	10.274869024397226	13.482049917733367	
2000-4-13	8.993922702399825	8.489948621309619	10.002606314613807	13.482049917733367	0.6932213231080291	 	 	0.0	8.993922702399825	10.002606314613807	12.788828594625338	
2000-4-14	8.952109975035519	8.462281458115202	9.75529762474151	12.788828594625341	0.9879106156897977	 	 	0.0	8.952109975035519	9.75529762474151	11.800917978935543	
2000-4-15	9.188386323697642	8.43544362085153	9.526169967325599	11.80091797893554	0.9728570021357617	 	 	0.0	9.188386323697642	9.526169967325599	10.82806097679978	
2000-4-16	8.138488235140763	8.409443018752432	9.3154322346099	10.828060976799781	0.7050570385428738	 	 	0.0	8.138488235140763	9.3154322346099	10.123003938256907	
2000-4-17	12.89271348430402	8.384287314314687	9.12788960493757	10.123003938256907	0.5259009738960866	 	 	0.0	12.89271348430402	9.12788960493757	9.59710296436082	
2000-4-18	12.042237422298713	8.359983921039856	8.96505245410722	9.59710296436082	0.8175223447549993	 	 	0.0	12.042237422298713	8.96505245410722	9.0937398849648	
2000-4-19	6.697563906401807	8.336540001249485	8.819818796957748	9.0937398849648	0.8267883404907383	 	 	0.0	6.697563906401807	8.819818796957748	8.266951544474061	
2000-4-20	11.949154878761794	8.313962463974349	8.691258293504681	8.266951544474061	0.5579888494340893	 	 	0.0	11.949154878761794	8.691258293504681	7.708962695039972	
2000-4-21	13.388838015639676	8.292257962918308	8.582530395963783	7.708962695039972	0.846865912250117	 	 	0.0	13.388838015639676	8.582530395963783	6.8620967827898545	
2000-4-22	9.261717924355446	8.271432894497448	8.487305422290797	6.8620967827898545	0.9954526306821457	 	 	0.0	9.261717924355446	8.487305422290797	5.8666441521077095	
2000-4-23	9.418826706579763	8.251493395955018	8.40288618875795	5.8666441521077095	0.7341473946374999	 	 	0.0	9.418826706579763	8.40288618875795	5.13249675747021	
2000-4-24	8.770026435575902	8.232445343552758	8.333148196254816	5.13249675747021	0.7182721452593456	 	 	0.0	8.770026435575902	8.333148196254816	4.414224612210864	
2000-4-25	8.038566160617561	8.214294350839143	8.27660900510327	4.414224612210864	0.7110442646422648	Pristine Petroleum	Arnold	11.309733552923255	8.038566160617561	8.097627464800983	14.611274498195536	
2000-4-26	7.005554274590463	8.197045766995037	8.111610984205171	14.611274498195534	0.6227743720418015	 	 	0.0	7.005554274590463	8.111610984205171	13.988500126153733	
2000-4-27	9.007802641065297	8.180704675257267	8.121752560315274	13.988500126153733	0.8048698013248474	 	 	0.0	9.007802641065297	8.121752560315274	13.183630324828886	
2000-4-28	9.419946919197189	8.165275891420576	8.128521929878854	13.183630324828886	0.7991816860767528	 	 	0.0	9.419946919197189	8.128521929878854	12.384448638752133	
2000-4-29	15.296691257580285	8.150763962418376	8.132199071665392	12.384448638752133	0.5056101938630333	 	 	0.0	15.296691257580285	8.132199071665392	11.878838444889098	
2000-4-30	13.18606129399795	8.137173164982753	8.133055512229781	11.8788384448891	0.5710725991553377	 	 	0.0	13.18606129399795	8.133055512229781	11.30776584573376	
2000-5-1	8.763598882245924	8.124507504384093	8.131511392239618	11.30776584573376	0.7280805844782618	 	 	0.0	8.763598882245924	8.131511392239618	10.579685261255499	
2000-5-2	11.492242285740943	8.112770713250708	8.127899809161574	10.579685261255499	0.8950962958073263	 	 	0.0	11.492242285740943	8.127899809161574	9.684588965448171	
2000-5-3	12.398907580614905	8.101966250468818	8.122454679810325	9.684588965448171	0.8624188368212679	 	 	0.0	12.398907580614905	8.122454679810325	9.136329393985884	
2000-5-4	13.429463535328765	8.092097300163195	8.11547907894342	9.136329393985884	0.5545599983774561	 	 	0.0	13.429463535328765	8.11547907894342	8.581769395608427	
2000-5-5	9.469839569314958	8.083166770758794	8.107574534135047	8.581769395608427	0.9778025483472746	 	 	0.0	9.469839569314958	8.107574534135047	7.6039668472611535	
2000-5-6	9.921787523888154	8.075177294123618	8.09863016513892	7.6039668472611535	0.9037604748049308	 	 	0.0	9.921787523888154	8.09863016513892	6.700206372456223	
2000-5-7	9.097672224985992	8.068131224793106	8.089074208654054	6.700206372456223	0.8220344172594385	 	 	0.0	9.097672224985992	8.089074208654054	5.878171955196784	
2000-5-8	14.816847779876907	8.062030639276227	8.07941604174389	5.878171955196784	0.7965070572356341	 	 	0.0	14.816847779876907	8.07941604174389	5.08166489796115	
2000-5-9	10.66702866747425	8.056877335443538	8.07010514990321	5.08166489796115	0.8566041557303925	 	 	0.0	10.66702866747425	8.07010514990321	4.225060742230758	
2000-5-10	12.430813937737971	8.05267283199733	8.061443791550179	4.225060742230758	0.5195987901539023	Pristine Petroleum	Josh	11.309733552923255	12.430813937737971	11.350202372470122	14.66859249449862	
2000-5-11	9.618782977864075	8.04941836802407	10.88603446681458	14.66859249449862	0.6458721417690074	 	 	0.0	9.618782977864075	10.88603446681458	14.022720352729612	
2000-5-12	13.700711326259373	8.047114902629223	10.469046730990094	14.022720352729612	0.6497788460947439	 	 	0.0	13.700711326259373	10.469046730990094	13.372941506634868	
2000-5-13	15.511292375228388	8.045763114654617	10.096384135119221	13.372941506634868	0.7579113932534058	 	 	0.0	15.511292375228388	10.096384135119221	12.615030113381462	
2000-5-14	10.69755969529407	8.045363402478374	9.762618592251538	12.615030113381462	0.7195883436355959	 	 	0.0	10.69755969529407	9.762618592251538	11.895441769745862	
2000-5-15	10.095315117177527	8.045915883897505	9.466902494272059	11.895441769745862	0.852700271085772	 	 	0.0	10.095315117177527	9.466902494272059	11.04274149866009	
2000-5-16	12.94591812548471	8.047420396093202	9.204112704033362	11.04274149866009	0.5921888625088715	 	 	0.0	12.94591812548471	9.204112704033362	10.450552636151219	
2000-5-17	9.431368451021486	8.049876495678811	8.978738767780316	10.450552636151219	0.6420816144693418	 	 	0.0	9.431368451021486	8.978738767780316	9.808471021681877	
2000-5-18	8.720756584329765	8.053283458830514	8.786622296385955	9.808471021681877	0.6570158927630834	 	 	0.0	8.720756584329765	8.786622296385955	9.151455128918792	
2000-5-19	16.126147072615893	8.057640281500634	8.624822586768083	9.151455128918792	0.8278009446732556	 	 	0.0	16.126147072615893	8.624822586768083	8.637813449604517	
2000-5-20	9.995706251531017	8.062945679713529	8.488185384552501	8.637813449604517	0.627677412750947	 	 	0.0	9.995706251531017	8.488185384552501	8.01013603685357	
2000-5-21	14.431118554374928	8.069198089943995	8.37832867480853	8.01013603685357	0.6755017600194362	 	 	0.0	14.431118554374928	8.37832867480853	7.334634276834133	
2000-5-22	12.224760626569527	8.076395669578039	8.291882711721433	7.334634276834133	0.9359501538748014	 	 	0.0	12.224760626569527	8.291882711721433	6.398684122959331	
2000-5-23	6.521018619169928	8.084536297455909	8.223840766525381	6.398684122959331	0.7192408336090068	 	 	0.0	6.521018619169928	8.223840766525381	5.679443289350324	
2000-5-24	8.594848103054687	8.093617574497202	8.17569915873466	5.679443289350324	0.7294356601053748	 	 	0.0	8.594848103054687	8.17569915873466	4.95000762924495	
2000-5-25	8.645011108969674	8.10363682440789	8.145134662357831	4.95000762924495	0.8018121579411934	 	 	0.0	8.645011108969674	8.145134662357831	4.148195471303756	
2000-5-26	13.895383022943522	8.114591094469038	8.129676403010887	4.148195471303756	0.9599230674281558	Pristine Petroleum	Earl	11.309733552923255	13.895383022943522	12.626217034179373	14.169874712792453	
2000-5-27	8.466978654875481	8.126477156406981	11.97072726799705	14.169874712792453	0.6079365863153279	 	 	0.0	8.466978654875481	11.97072726799705	13.561938126477127	
2000-5-28	8.52052924546792	8.139291507344707	11.388564482579213	13.561938126477127	0.6104347518177287	 	 	0.0	8.52052924546792	11.388564482579213	12.951503374659397	
2000-5-29	8.17915354236526	8.153030370834179	10.874656692360194	12.951503374659397	0.7619923512549532	 	 	0.0	8.17915354236526	10.874656692360194	12.189511023404444	
2000-5-30	8.366697914768883	8.167689697969264	10.418761751834465	12.189511023404442	0.6333132272067638	 	 	0.0	8.366697914768883	10.418761751834465	11.556197796197678	
2000-5-31	12.366709988176153	8.183265168578973	10.022384318530346	11.556197796197678	0.5694582252797543	 	 	0.0	12.366709988176153	10.022384318530346	10.986739570917923	
2000-6-1	12.95990108124249	8.199752192500624	9.683077185013182	10.986739570917923	0.6914453084066662	 	 	0.0	12.95990108124249	9.683077185013182	10.295294262511257	
2000-6-2	10.683530509576412	8.217145910932594	9.39249867780799	10.295294262511257	0.8585826394982261	 	 	0.0	10.683530509576412	9.39249867780799	9.43671162301303	
2000-6-3	15.01195381482588	8.235441197866226	9.14303118144564	9.43671162301303	0.5611485479549388	 	 	0.0	15.01195381482588	9.14303118144564	9.18972234041707	
2000-6-4	14.006240093823296	8.254632661596483	8.939848198698632	9.18972234041707	0.5155842185933291	 	 	0.0	14.006240093823296	8.939848198698632	8.674138121823741	
2000-6-5	14.156334527652575	8.274714646310919	8.778721962480395	8.674138121823741	0.5824293223006433	 	 	0.0	14.156334527652575	8.778721962480395	8.091708799523099	
2000-6-6	18.628987724648688	8.295681233756461	8.653306979739542	8.091708799523099	0.6952071777474367	 	 	0.0	18.628987724648688	8.653306979739542	7.396501621775663	
2000-6-7	14.5508196962292	8.317526244983554	8.557945107121482	7.396501621775663	0.9759797247379979	 	 	0.0	14.5508196962292	8.557945107121482	6.4205218970376645	
2000-6-8	15.47571964945076	8.340243242167125	8.486726885545973	6.4205218970376645	0.5836417253819673	 	 	0.0	15.47571964945076	8.486726885545973	5.8368801716556975	
2000-6-9	12.029423659602017	8.36382553050383	8.442504637596967	5.8368801716556975	0.7941953139638601	 	 	0.0	12.029423659602017	8.442504637596967	5.042684857691837	
2000-6-10	15.98464273539365	8.388266160185058	8.419916041822672	5.042684857691837	0.9648315944493451	 	 	0.0	15.98464273539365	8.419916041822672	4.077853263242492	
2000-6-11	16.48087570042138	8.413557928445057	8.41664165984711	4.077853263242492	0.9388175607565498	Pristine Petroleum	Arnold	11.309733552923255	16.48087570042138	14.731173071363699	14.153395475756199	
2000-6-12	16.18480853599846	8.439693381683636	13.81146952710318	14.153395475756202	0.5977308760589776	 	 	0.0	16.18480853599846	13.81146952710318	13.555664599697225	
2000-6-13	19.40556884237675	8.466664817662764	12.99731996676919	13.555664599697225	0.8234603533962472	 	 	0.0	19.40556884237675	12.99731996676919	12.732204246300977	
2000-6-14	10.483262240299132	8.494464287776461	12.268791334092185	12.732204246300977	0.5512335489054542	 	 	0.0	10.483262240299132	12.268791334092187	12.180970697395523	
2000-6-15	19.182158973063682	8.523083599393287	11.636542805787819	12.180970697395523	0.8264752705650716	 	 	0.0	19.182158973063682	11.636542805787819	11.35449542683045	
2000-6-16	15.272944944767454	8.552514318270745	11.079503442885894	11.35449542683045	0.840026987879843	 	 	0.0	15.272944944767454	11.079503442885894	10.514468438950605	
2000-6-17	14.860934600981627	8.5827477710409	10.59385598437851	10.514468438950605	0.7624922706647693	 	 	0.0	14.860934600981627	10.59385598437851	9.751976168285838	
2000-6-18	14.76459209055438	8.613775047766449	10.17975754774907	9.751976168285838	0.8716595225366781	 	 	0.0	14.76459209055438	10.17975754774907	9.194475911108139	
2000-6-19	19.190109266105623	8.645587004566526	9.828658435009734	9.194475911108139	0.5993571243252969	 	 	0.0	19.190109266105623	9.828658435009734	8.595118786782843	
2000-6-20	10.144106615108976	8.678174266311448	9.547117180539177	8.595118786782843	0.906123430382351	 	 	0.0	10.144106615108976	9.547117180539177	7.688995356400492	
2000-6-21	14.677333620418763	8.711527229385606	9.318609511499963	7.688995356400492	0.6944497825361197	 	 	0.0	14.677333620418763	9.318609511499963	6.994545573864371	
2000-6-22	12.677210312498806	8.745636064517692	9.146406110420894	6.994545573864371	0.8578493831630447	 	 	0.0	12.677210312498806	9.146406110420894	6.1366961907013255	
2000-6-23	15.123273317113927	8.780490719677436	9.021083457710015	6.1366961907013255	0.8612292676507339	 	 	0.0	15.123273317113927	9.021083457710015	5.275466923050591	
2000-6-24	15.477859470317284	8.816080923037982	8.939421214205332	5.275466923050591	0.9563172551671557	 	 	0.0	15.477859470317284	8.939421214205332	4.319149667883435	
2000-6-25	12.731921825379551	8.852396186003041	8.897083300590456	4.319149667883435	0.6458838955233768	Dodgy Diesel	Trevor	11.309733552923255	12.731921825379551	11.789962953597744	14.640189080009595	
2000-6-26	14.430984542857578	8.889425806297933	11.381103948057167	14.640189080009595	0.5038628768929655	 	 	0.0	14.430984542857578	11.381103948057167	14.136326203116628	
2000-6-27	15.210175344363778	8.927158871123593	11.0232984958946	14.136326203116628	0.5775962589608321	 	 	0.0	15.210175344363778	11.0232984958946	13.558729944155797	
2000-6-28	15.589063124667812	8.965584260372623	10.710899643992645	13.558729944155797	0.7412018606872511	 	 	0.0	15.589063124667812	10.710899643992645	12.817528083468545	
2000-6-29	12.019919318904696	9.004690649906443	10.437340173522188	12.817528083468549	0.5703173734140855	 	 	0.0	12.019919318904696	10.437340173522188	12.24721071005446	
2000-6-30	17.257108094226876	9.044466514892559	10.203950089485746	12.247210710054462	0.6936539406498311	 	 	0.0	17.257108094226876	10.203950089485746	11.553556769404631	
2000-7-1	15.926553957140037	9.084900133200993	10.005533901324057	11.55355676940463	0.9170335769222657	 	 	0.0	15.926553957140037	10.005533901324057	10.636523192482365	
2000-7-2	21.602285520344413	9.12597958885884	9.836559746041331	10.636523192482365	0.9754127347303503	 	 	0.0	21.602285520344413	9.836559746041331	9.661110457752015	
2000-7-3	18.105311755837064	9.167692775561964	9.695523025502998	9.661110457752015	0.6805609152597896	 	 	0.0	18.105311755837064	9.695523025502998	9.294708807851205	
2000-7-4	20.699449725698233	9.210027400242783	9.58567343500588	9.294708807851205	0.602494300267254	 	 	0.0	20.699449725698233	9.58567343500588	8.69221450758395	
2000-7-5	18.956701757064256	9.252970986693091	9.505187245157105	8.69221450758395	0.7255170153128434	 	 	0.0	18.956701757064256	9.505187245157105	7.966697492271106	
2000-7-6	19.22805904123174	9.296510879240852	9.450112582998072	7.966697492271106	0.6283841551084228	 	 	0.0	19.22805904123174	9.450112582998072	7.338313337162684	
2000-7-7	23.020231193916995	9.340634246479885	9.418746360211193	7.338313337162684	0.9118349852012003	 	 	0.0	23.020231193916995	9.418746360211193	6.426478351961483	
2000-7-8	22.02845406304479	9.385328085051341	9.407813693539362	6.426478351961485	0.8494385011586764	 	 	0.0	22.02845406304479	9.407813693539362	5.577039850802809	
2000-7-9	14.953878760648442	9.430579223475855	9.416395601613418	5.577039850802808	0.9905448344564847	 	 	0.0	14.953878760648442	9.416395601613418	4.586495016346323	
2000-7-10	20.87199687876848	9.476374326035227	9.44388911796763	4.586495016346323	0.5748485754010233	 	 	0.0	20.87199687876848	9.44388911796763	4.0116464409453	
2000-7-11	27.2857785630645	9.522699896702537	9.48519294043281	4.0116464409453	0.9947863891253061	Dodgy Diesel	Francis	11.309733552923255	27.2857785630645	23.360670759194363	13.36747149417559	
2000-7-12	21.207106198755586	9.569542283119482	21.208048160902095	13.36747149417559	0.757487252289388	 	 	0.0	21.207106198755586	21.208048160902095	12.6099842418862	
2000-7-13	18.625902081695624	9.616887680619776	19.297422318902125	12.609984241886202	0.8689890612008636	 	 	0.0	18.625902081695624	19.297422318902125	11.740995180685337	
2000-7-14	22.5463932972133	9.664722136297463	17.59882237036682	11.740995180685335	0.6816271689614832	 	 	0.0	22.5463932972133	17.59882237036682	11.059368011723851	
2000-7-15	27.360839722998524	9.713031553118899	16.12774108807193	11.059368011723851	0.9328269333675394	 	 	0.0	27.360839722998524	16.12774108807193	10.126541078356311	
2000-7-16	17.354979047048527	9.76180169407721	14.836216857465239	10.126541078356311	0.9125592947049852	 	 	0.0	17.354979047048527	14.836216857465237	9.213981783651326	
2000-7-17	21.103649212784035	9.811018186388	13.72067383054873	9.213981783651326	0.6122239979202753	 	 	0.0	21.103649212784035	13.72067383054873	8.91591705109003	
2000-7-18	24.331074265570383	9.86066652572509	12.806094651337123	8.91591705109003	0.9679987290007258	 	 	0.0	24.331074265570383	12.806094651337123	7.947918322089304	
2000-7-19	26.162824031999804	9.910732080494986	12.03730973127868	7.947918322089304	0.5285723963145831	 	 	0.0	26.162824031999804	12.03730973127868	7.41934592577472	
2000-7-20	18.20697995308625	9.961200096148906	11.447289143463648	7.419345925774722	0.8948581388396829	 	 	0.0	18.20697995308625	11.447289143463648	6.524487786935037	
2000-7-21	20.557031023662574	10.012055699530986	10.983764600416656	6.524487786935037	0.5180619199710018	 	 	0.0	20.557031023662574	10.983764600416654	6.006425866964035	
2000-7-22	21.208436539257914	10.063283903261489	10.66101128719838	6.006425866964035	0.5654060450256714	 	 	0.0	21.208436539257914	10.66101128719838	5.441019821938363	
2000-7-23	27.980621472860665	10.114869610153638	10.449691128391246	5.441019821938363	0.6131790614425144	 	 	0.0	27.980621472860665	10.449691128391246	4.827840760495849	
2000-7-24	16.332480904798633	10.166797617662839	10.32635687574091	4.827840760495849	0.579411547921178	 	 	0.0	16.332480904798633	10.32635687574091	4.2484292125746705	
2000-7-25	24.999500808958498	10.219052622366931	10.273202069653127	4.2484292125746705	0.9559676105079111	Dodgy Diesel	Trevor	11.309733552923255	24.999500808958498	21.602414837832637	13.95859495747803	
2000-7-26	21.909066504335254	10.271619224476177	19.91043069064358	13.95859495747803	0.505090660426695	 	 	0.0	21.909066504335254	19.91043069064358	13.453504297051335	
2000-7-27	21.847442126030117	10.324481932371663	18.42931030691448	13.453504297051335	0.5337722194672543	 	 	0.0	21.847442126030117	18.42931030691448	12.91973207758408	
2000-7-28	20.411325583801265	10.377625167170732	17.137225399524223	12.91973207758408	0.6913111472558952	 	 	0.0	20.411325583801265	17.137225399524223	12.228420930328184	
2000-7-29	26.451872664455987	10.431033267318165	16.00338841553642	12.228420930328184	0.6434525385567545	 	 	0.0	26.451872664455987	16.00338841553642	11.58496839177143	
2000-7-30	17.811441527665608	10.484690493201708	15.021118952948042	11.584968391771428	0.8049196330270125	 	 	0.0	17.811441527665608	15.021118952948042	10.780048758744416	
2000-7-31	24.12869139851856	10.538581031790608	14.166330105127662	10.780048758744416	0.7839267794413494	 	 	0.0	24.12869139851856	14.166330105127662	9.996121979303066	
2000-8-1	10.539117713279163	10.59268900129579	13.433748351422333	9.996121979303066	0.748946721095634	 	 	0.0	10.539117713279163	13.433748351422333	9.247175258207433	
2000-8-2	14.446099832502805	10.646998455850287	12.818232318211411	9.247175258207433	0.7134554501738913	 	 	0.0	14.446099832502805	12.818232318211411	8.847879073392521	
2000-8-3	12.685155387029482	10.701493390208567	12.313350998772895	8.847879073392521	0.8003660304456238	 	 	0.0	12.685155387029482	12.313350998772895	8.047513042946898	
2000-8-4	20.854807267015094	10.756157744463342	11.905222289454569	8.047513042946898	0.883677053303236	 	 	0.0	20.854807267015094	11.905222289454569	7.163835989643664	
2000-8-5	19.938254173340493	10.810975408778509	11.583198344083048	7.163835989643664	0.9220397817206476	 	 	0.0	19.938254173340493	11.583198344083048	6.2417962079230165	
2000-8-6	19.292247565619775	10.865930228136783	11.341020510708589	6.2417962079230165	0.8926668146057841	 	 	0.0	19.292247565619775	11.341020510708589	5.349129393317233	
2000-8-7	12.260739266922611	10.921006007100662	11.17558591927274	5.349129393317233	0.7913110912809569	 	 	0.0	12.260739266922611	11.17558591927274	4.557818302036276	
2000-8-8	13.72046379283393	10.976186514585287	11.083428167474315	4.557818302036276	0.8397820326957488	Dodgy Diesel	Francis	11.309733552923255	13.72046379283393	13.06732877689271	14.697429241346512	
2000-8-9	17.72318556331335	11.031455488641829	12.781038804293834	14.697429241346512	0.5630758423302052	 	 	0.0	17.72318556331335	12.781038804293834	14.134353399016307	
2000-8-10	15.09594593536405	11.086796641249949	12.533584231894562	14.13435339901631	0.6049454367797931	 	 	0.0	15.09594593536405	12.533584231894562	13.529407962236517	
2000-8-11	16.37940400802577	11.142193663117965	12.321541126236479	13.529407962236517	0.8036751018692128	 	 	0.0	16.37940400802577	12.321541126236479	12.725732860367305	
2000-8-12	16.706361962113593	11.19763022848926	12.139747699523719	12.725732860367305	0.6674425620602243	 	 	0.0	16.706361962113593	12.139747699523719	12.05829029830708	
2000-8-13	22.14017841334652	11.25308999995357	11.988624042326762	12.058290298307078	0.7886020917117939	 	 	0.0	22.14017841334652	11.988624042326762	11.269688206595283	
2000-8-14	18.310270366486108	11.308556633261684	11.864841887965857	11.269688206595283	0.6470667603600271	 	 	0.0	18.310270366486108	11.864841887965857	10.622621446235256	
2000-8-15	21.502132676863184	11.36401378214218	11.768303931101373	10.622621446235256	0.8409920291249304	 	 	0.0	21.502132676863184	11.768303931101373	9.781629417110326	
2000-8-16	13.460076996373317	11.419445103118738	11.695465329474072	9.781629417110326	0.5422351402887374	 	 	0.0	13.460076996373317	11.695465329474072	9.239394276821589	
2000-8-17	14.503378163116025	11.474834260326638	11.646788916364246	9.239394276821589	0.8128599381005185	 	 	0.0	14.503378163116025	11.646788916364246	8.74069360408005	
2000-8-18	16.15710501045729	11.530164930327018	11.618667626255466	8.74069360408005	0.8995340001536754	 	 	0.0	16.15710501045729	11.618667626255466	7.841159603926375	
2000-8-19	16.46993214981727	11.585420806917464	11.609731497001027	7.841159603926375	0.5322731652327811	 	 	0.0	16.46993214981727	11.609731497001027	7.308886438693593	
2000-8-20	15.66040249213402	11.640585605937524	11.618628363981887	7.308886438693593	0.8581590597586592	 	 	0.0	15.66040249213402	11.618628363981886	6.4507273789349355	
2000-8-21	14.658210313084462	11.695643070067721	11.643790330927477	6.4507273789349355	0.9585794830836151	 	 	0.0	14.658210313084462	11.643790330927477	5.492147895851319	
2000-8-22	18.3891718800635	11.750576973620669	11.684769817506805	5.492147895851319	0.5513131007994446	 	 	0.0	18.3891718800635	11.684769817506805	4.940834795051874	
2000-8-23	11.85893187501293	11.805371127322843	11.73621720786349	4.940834795051874	0.5464857859093307	 	 	0.0	11.85893187501293	11.73621720786349	4.394349009142543	
2000-8-24	15.815884267548965	11.860009383085648	11.795596529770737	4.394349009142543	0.9558517803518733	Dodgy Diesel	Francis	11.309733552923255	15.815884267548965	14.879225394113082	14.444413612494445	
2000-8-25	16.666072867864525	11.914475638764323	14.454306681405034	14.444413612494445	0.7292842691853271	 	 	0.0	16.666072867864525	14.454306681405034	13.715129343309119	
2000-8-26	14.182293333633657	11.96875384290332	14.079728080008545	13.715129343309119	0.7980825170520589	 	 	0.0	14.182293333633657	14.079728080008545	12.917046826257062	
2000-8-27	16.642333255409667	12.022827999466749	13.751188754077592	12.917046826257062	0.6420104919864831	 	 	0.0	16.642333255409667	13.751188754077592	12.275036334270577	
2000-8-28	19.34399496335662	12.076682172552472	13.470190967188788	12.27503633427058	0.9929345850623057	 	 	0.0	19.34399496335662	13.470190967188788	11.282101749208273	
2000-8-29	16.082601973564948	12.130300491088493	13.226169013631168	11.282101749208271	0.6667081607998635	 	 	0.0	16.082601973564948	13.226169013631166	10.615393588408407	
2000-8-30	15.923716548020101	12.183667153510232	13.024781020642747	10.615393588408407	0.6243512259000741	 	 	0.0	15.923716548020101	13.024781020642747	9.991042362508333	
2000-8-31	16.42624606747394	12.236766432417324	12.863367778199532	9.991042362508333	0.5076719779250866	 	 	0.0	16.42624606747394	12.863367778199532	9.483370384583246	
2000-9-1	18.287551374571464	12.289582679208555	12.739768549728003	9.483370384583246	0.6363712703268267	 	 	0.0	18.287551374571464	12.739768549728003	9.161158379615399	
2000-9-2	22.381796879602092	12.34210032869357	12.648168941618954	9.161158379615399	0.5500894371154971	 	 	0.0	22.381796879602092	12.648168941618954	8.611068942499902	
2000-9-3	17.18037784138711	12.394303903680013	12.58596405293045	8.611068942499902	0.8318952003574442	 	 	0.0	17.18037784138711	12.58596405293045	7.779173742142458	
2000-9-4	14.703139294434271	12.446178019534722	12.548051866707489	7.779173742142458	0.7051337945916213	 	 	0.0	14.703139294434271	12.548051866707487	7.074039947550838	
2000-9-5	15.112815366267052	12.497707388717657	12.533037242538214	7.074039947550838	0.9669385907029989	 	 	0.0	15.112815366267052	12.533037242538214	6.10710135684784	
2000-9-6	14.582417862366283	12.548876825287204	12.538509058213378	6.10710135684784	0.7334599294243787	 	 	0.0	14.582417862366283	12.538509058213378	5.373641427423461	
2000-9-7	17.13049122805174	12.59967124937554	12.562521695233075	5.373641427423461	0.8594642399693492	 	 	0.0	17.13049122805174	12.562521695233075	4.514177187454112	
2000-9-8	14.311771475312456	12.65007569163274	12.603441591290679	4.514177187454112	0.5695218801602969	 	 	0.0	14.311771475312456	12.603441591290679	3.944655307293815	
2000-9-9	14.00471172724748	12.70007529763832	12.65512802564727	3.944655307293815	0.8195359736120609	Pristine Petroleum	Jeff	11.309733552923255	14.00471172724748	13.712274240711473	14.108102970071883	
2000-9-10	18.792008409838402	12.749655332278893	13.571275210908514	14.108102970071883	0.9435056750308833	 	 	0.0	18.792008409838402	13.571275210908514	13.164597295040998	
2000-9-11	14.250212858755775	12.798801184090681	13.450226347761049	13.164597295040998	0.5210726769964421	 	 	0.0	14.250212858755775	13.45022634776105	12.64352461804456	
2000-9-12	17.918756802729686	12.847498369565582	13.35199234060068	12.64352461804456	0.516101593454838	 	 	0.0	17.918756802729686	13.35199234060068	12.127423024589719	
2000-9-13	14.566823577338022	12.895732537419514	13.274553865091258	12.127423024589719	0.8952276031419688	 	 	0.0	14.566823577338022	13.27455386509126	11.232195421447749	
2000-9-14	13.306272538025839	12.943489472821819	13.21401278116207	11.232195421447749	0.901746810037595	 	 	0.0	13.306272538025839	13.214012781162069	10.330448611410153	
2000-9-15	13.677664336576184	12.990755101584435	13.169730501655629	10.330448611410153	0.5893673824522926	 	 	0.0	13.677664336576184	13.169730501655629	9.74108122895786	
2000-9-16	13.304365813227415	13.037515494309616	13.14197046535805	9.74108122895786	0.847172310480492	 	 	0.0	13.304365813227415	13.14197046535805	9.208068183836348	
2000-9-17	14.8342183571595	13.083756870495	13.12862375736679	9.208068183836348	0.6797886293523892	 	 	0.0	14.8342183571595	13.12862375736679	8.528279554483959	
2000-9-18	15.884151345235962	13.129465602594777	13.12883215012147	8.528279554483959	0.9413172789218456	 	 	0.0	15.884151345235962	13.12883215012147	7.586962275562113	
2000-9-19	13.686330108150328	13.174628220035803	13.141575164561468	7.586962275562113	0.5814768551841664	 	 	0.0	13.686330108150328	13.141575164561468	7.005485420377946	
2000-9-20	13.502611047649566	13.219231413187417	13.16497734091826	7.005485420377946	0.8658731211692289	 	 	0.0	13.502611047649566	13.16497734091826	6.139612299208718	
2000-9-21	16.032932599405488	13.263262037283873	13.198774047752924	6.139612299208718	0.6000888736729476	 	 	0.0	16.032932599405488	13.198774047752924	5.539523425535769	
2000-9-22	13.137016230356345	13.306707116298155	13.239910606188793	5.539523425535768	0.6523355852788314	 	 	0.0	13.137016230356345	13.239910606188795	4.887187840256937	
2000-9-23	11.790970515112823	13.349553846766064	13.28727899694306	4.887187840256937	0.7037328048627245	 	 	0.0	11.790970515112823	13.28727899694306	4.183455035394212	
2000-9-24	14.60090628391921	13.391789601559465	13.34002797440163	4.183455035394212	0.8499296070843698	Dodgy Diesel	Francis	11.309733552923255	14.60090628391921	14.306959130203598	13.984907262931618	
2000-9-25	22.22919142279483	13.433401933607565	14.177817083419198	13.984907262931618	0.5764734517428557	 	 	0.0	22.22919142279483	14.1778170834192	13.408433811188761	
2000-9-26	17.865772249385184	13.474378579565109	14.069471501283127	13.408433811188761	0.5731765261869409	 	 	0.0	17.865772249385184	14.069471501283125	12.835257285001818	
2000-9-27	13.925851252500934	13.51470746342645	13.980311424212077	12.835257285001818	0.5021377397624781	 	 	0.0	13.925851252500934	13.980311424212076	12.333119545239338	
2000-9-28	13.301235283369401	13.554376700084411	13.909145636613916	12.333119545239335	0.9227986043070541	 	 	0.0	13.301235283369401	13.909145636613918	11.41032094093228	
2000-9-29	18.118049949360646	13.593374598832867	13.852238146139289	11.410320940932282	0.5224195720113881	 	 	0.0	18.118049949360646	13.852238146139289	10.887901368920893	
2000-9-30	20.01713988465216	13.63168966681206	13.810640453065572	10.887901368920893	0.5597335255296468	 	 	0.0	20.01713988465216	13.810640453065572	10.328167843391247	
2000-10-1	12.198814141233301	13.669310612395591	13.782583522306004	10.328167843391247	0.5468401094317491	 	 	0.0	12.198814141233301	13.782583522306002	9.781327733959499	
2000-10-2	11.820082346792367	13.706226348518118	13.766604439766414	9.781327733959499	0.5049312062951189	 	 	0.0	11.820082346792367	13.766604439766414	9.27639652766438	
2000-10-3	16.163924670141498	13.742425995942765	13.761278379486535	9.27639652766438	0.7220090676117008	 	 	0.0	16.163924670141498	13.761278379486535	8.868546725411658	
2000-10-4	12.678531356555878	13.777898886467284	13.765237609475276	8.868546725411658	0.6493484870792685	 	 	0.0	12.678531356555878	13.765237609475276	8.219198238332389	
2000-10-5	12.047894067115005	13.812634566068017	13.777420261661424	8.219198238332389	0.7565648892441064	 	 	0.0	12.047894067115005	13.777420261661424	7.462633349088282	
2000-10-6	13.491557674207323	13.846622797980746	13.79701126453484	7.462633349088282	0.8466739863998072	 	 	0.0	13.491557674207323	13.79701126453484	6.615959362688476	
2000-10-7	16.25749039474543	13.879853565717532	13.823465523497191	6.615959362688476	0.7258617291781696	 	 	0.0	16.25749039474543	13.823465523497191	5.890097633510306	
2000-10-8	13.813904715068295	13.912317076018587	13.855336227022715	5.890097633510307	0.657270371058142	 	 	0.0	13.813904715068295	13.855336227022715	5.232827262452165	
2000-10-9	15.502407425928018	13.944003761738422	13.891137035738112	5.232827262452165	0.7081110526548463	 	 	0.0	15.502407425928018	13.891137035738112	4.524716209797319	
2000-10-10	10.13171143341806	13.974904284665318	13.930253977898941	4.524716209797319	0.7120351010818071	 	 	0.0	10.13171143341806	13.930253977898941	3.8126811087155117	
2000-10-11	10.37999467708281	14.005009538273333	13.971683889758104	3.8126811087155117	0.8569194832977886	Dodgy Diesel	Francis	11.309733552923255	10.37999467708281	11.184576642323213	12.88049038364274	
2000-10-12	12.031943083999495	14.034310650406049	11.639539389794487	12.88049038364274	0.9357690949568233	 	 	0.0	12.031943083999495	11.639539389794487	11.944721288685917	
2000-10-13	12.821394646909951	14.06279898589123	12.056158197833055	11.944721288685916	0.8070932479370762	 	 	0.0	12.821394646909951	12.056158197833055	11.13762804074884	
2000-10-14	15.035532835770027	14.090466149085648	12.430729983782541	11.137628040748837	0.8479901623087983	 	 	0.0	15.035532835770027	12.430729983782541	10.28963787844004	
2000-10-15	9.194886399505757	14.11730398634932	12.766249067769671	10.28963787844004	0.691707562289539	 	 	0.0	9.194886399505757	12.766249067769671	9.597930316150501	
2000-10-16	11.966795431790628	14.143304588448418	13.059420871010843	9.597930316150501	0.5514307436705135	 	 	0.0	11.966795431790628	13.059420871010843	9.360658837838967	
2000-10-17	15.689137013440474	14.168460292886163	13.30952379737434	9.360658837838967	0.5193405094873017	 	 	0.0	15.689137013440474	13.30952379737434	8.841318328351665	
2000-10-18	16.110121784662486	14.192763686160996	13.52046491113135	8.841318328351665	0.7302812740213365	 	 	0.0	16.110121784662486	13.52046491113135	8.111037054330328	
2000-10-19	16.75046137139207	14.216207605951364	13.701629894653916	8.111037054330328	0.9425762849318944	 	 	0.0	16.75046137139207	13.701629894653916	7.168460769398434	
2000-10-20	12.186829052971243	14.238785143226501	13.859923680447519	7.168460769398434	0.6349850202780187	 	 	0.0	12.186829052971243	13.859923680447519	6.533475749120416	
2000-10-21	17.78694516007275	14.26048964428254	13.989461502643023	6.533475749120416	0.7236694767342275	 	 	0.0	17.78694516007275	13.989461502643023	5.809806272386188	
2000-10-22	10.307843750030697	14.281314712703402	14.095614576313395	5.809806272386188	0.5484630994568895	 	 	0.0	10.307843750030697	14.095614576313395	5.2613431729292985	
2000-10-23	8.675171870048773	14.301254211245832	14.178216757058422	5.2613431729292985	0.9686549500869408	 	 	0.0	8.675171870048773	14.178216757058422	4.292688222842358	
2000-10-24	12.127230710805714	14.320302263648092	14.248175481666902	4.292688222842358	0.7566849301529837	Pristine Petroleum	Earl	11.309733552923255	12.127230710805714	12.633640920885695	14.495312471383873	
2000-10-25	11.51309468517126	14.338453256361706	12.876530372645526	14.495312471383873	0.9753956381155793	 	 	0.0	11.51309468517126	12.876530372645526	13.519916833268292	
2000-10-26	15.20305646779481	14.355701840205812	13.102192057915106	13.519916833268292	0.8881595701529712	 	 	0.0	15.20305646779481	13.102192057915106	12.63175726311532	
2000-10-27	17.131627675902227	14.372042931943582	13.309262867653741	12.63175726311532	0.9187036441146454	 	 	0.0	17.131627675902227	13.309262867653741	11.713053619000677	
2000-10-28	8.278424685709023	14.387471715780274	13.498557088201201	11.713053619000677	0.9647643666549488	 	 	0.0	8.278424685709023	13.498557088201203	10.748289252345728	
2000-10-29	10.621904240492297	14.401983644782474	13.67103478456282	10.748289252345728	0.571714775110423	 	 	0.0	10.621904240492297	13.671034784562819	10.176574477235304	
2000-10-30	10.542624932442527	14.415574442218096	13.820953919924584	10.176574477235304	0.7870536760191489	 	 	0.0	10.542624932442527	13.820953919924584	9.389520801216156	
2000-10-31	12.608773467415395	14.428240102816757	13.953176258546698	9.389520801216156	0.5004029976874806	 	 	0.0	12.608773467415395	13.9531762585467	9.203277068887655	
2000-11-1	8.772906320016546	14.439976893950142	14.064945103878198	9.203277068887655	0.610952659712785	 	 	0.0	8.772906320016546	14.064945103878198	8.59232440917487	
2000-11-2	6.993608582957137	14.450781356732032	14.159843480765941	8.59232440917487	0.9377351393417988	 	 	0.0	6.993608582957137	14.159843480765941	7.654589269833071	
2000-11-3	5.718172661617584	14.460650307037655	14.242900878229998	7.654589269833071	0.573074818926043	 	 	0.0	5.718172661617584	14.242900878229998	7.0815144509070285	
2000-11-4	8.099338215093281	14.469580836442056	14.310562103377128	7.0815144509070285	0.9974244521010771	 	 	0.0	8.099338215093281	14.310562103377128	6.084089998805951	
2000-11-5	9.035601271582584	14.477570313077232	14.36858881339485	6.084089998805951	0.5896810475863673	 	 	0.0	9.035601271582584	14.36858881339485	5.494408951219584	
2000-11-6	8.385545028521978	14.484616382407744	14.41323189520783	5.494408951219584	0.9245407996458056	 	 	0.0	8.385545028521978	14.41323189520783	4.569868151573778	
2000-11-7	9.742225789454187	14.490716967924623	14.449078664908775	4.569868151573778	0.8986857812461793	Pristine Petroleum	Earl	11.309733552923255	9.742225789454187	10.900793704876383	14.600560075714524	
2000-11-8	6.945010056878213	14.495870271757312	11.408397705765868	14.600560075714524	0.7471877690795143	 	 	0.0	6.945010056878213	11.408397705765868	13.85337230663501	
2000-11-9	6.840203467293024	14.500074775203519	11.868206961221885	13.853372306635007	0.8926869120531347	 	 	0.0	6.840203467293024	11.868206961221885	12.960685394581875	
2000-11-10	11.188158086837552	14.50332923917678	12.28668422774436	12.960685394581875	0.7287966764016407	 	 	0.0	11.188158086837552	12.28668422774436	12.231888718180231	
2000-11-11	9.498996970784576	14.505632704571626	12.65971414678684	12.231888718180231	0.9725223590434375	 	 	0.0	9.498996970784576	12.659714146786841	11.259366359136793	
2000-11-12	5.938477088947871	14.506984492546232	12.99649630066861	11.259366359136793	0.6636668004481744	 	 	0.0	5.938477088947871	12.99649630066861	10.595699558688619	
2000-11-13	6.860846125494921	14.507384204722475	13.288817819509866	10.595699558688619	0.5660430628437375	 	 	0.0	6.860846125494921	13.288817819509866	10.02965649584488	
2000-11-14	6.360554052655497	14.506831723303344	13.537452099926558	10.02965649584488	0.8417138817398215	 	 	0.0	6.360554052655497	13.537452099926558	9.18794261410506	
2000-11-15	9.698528306986399	14.505327211107648	13.752586508216192	9.18794261410506	0.9119861393082114	 	 	0.0	9.698528306986399	13.752586508216192	8.590115740155827	
2000-11-16	11.127030478810662	14.502871111522039	13.937105774748973	8.590115740155827	0.8134447476942855	 	 	0.0	11.127030478810662	13.937105774748973	7.776670992461541	
2000-11-17	11.385333290712774	14.499464148370336	14.089905917263492	7.776670992461542	0.9570229093358116	 	 	0.0	11.385333290712774	14.089905917263492	6.819648083125729	
2000-11-18	6.375096805040985	14.495107325700216	14.215476389445211	6.819648083125729	0.744989519429945	 	 	0.0	6.375096805040985	14.215476389445211	6.074658563695784	
2000-11-19	8.313715861183555	14.48980192748732	14.310928145082206	6.074658563695783	0.763678675464079	 	 	0.0	8.313715861183555	14.310928145082206	5.310979888231704	
2000-11-20	11.4387663770126	14.483549517256854	14.379635913401215	5.310979888231704	0.7349072998407898	 	 	0.0	11.4387663770126	14.379635913401216	4.576072588390914	
2000-11-21	10.284974631182694	14.47635193762281	14.424317116060823	4.576072588390914	0.5752990529120129	 	 	0.0	10.284974631182694	14.424317116060823	4.000773535478901	
2000-11-22	12.388646333985713	14.468211309744941	14.44751263777645	4.000773535478901	0.6546225718427657	Dodgy Diesel	Francis	11.309733552923255	12.388646333985713	12.886659070061897	13.519377444379762	
2000-11-23	10.136609299383869	14.459130032703648	13.12656654967547	13.519377444379762	0.5285018871088554	 	 	0.0	10.136609299383869	13.12656654967547	12.99087555727091	
2000-11-24	5.9283457714797585	14.44911078279296	13.336414620624591	12.99087555727091	0.7906507435658658	 	 	0.0	5.9283457714797585	13.336414620624591	12.20022481370504	
2000-11-25	7.86749722223448	14.438156512731812	13.522316176260604	12.20022481370504	0.8633020826736516	 	 	0.0	7.86749722223448	13.522316176260604	11.336922731031388	
2000-11-26	6.160265468687945	14.426270450793869	13.686180002746937	11.336922731031388	0.5916131742374138	 	 	0.0	6.160265468687945	13.686180002746937	10.745309556793972	
2000-11-27	5.193606874561435	14.413456099856143	13.825094476539839	10.745309556793972	0.5673297804273129	 	 	0.0	5.193606874561435	13.825094476539839	10.177979776366659	
2000-11-28	7.186411385372236	14.399717236366671	13.940803892329269	10.177979776366659	0.6154876045913715	 	 	0.0	7.186411385372236	13.940803892329269	9.562492171775288	
2000-11-29	9.695891008275103	14.385057909231586	14.03584855885591	9.562492171775288	0.7205914478884851	 	 	0.0	9.695891008275103	14.03584855885591	9.156059989245783	
2000-11-30	11.934198122547853	14.369482438621876	14.112852650188259	9.156059989245783	0.780596514566552	 	 	0.0	11.934198122547853	14.112852650188259	8.375463474679231	
2000-12-1	5.070848757217035	14.352995414700224	14.173449542232413	8.375463474679231	0.837396119802543	 	 	0.0	5.070848757217035	14.173449542232413	7.538067354876687	
2000-12-2	5.433798235743851	14.335601696268256	14.218915028734612	7.538067354876687	0.9825002239175543	 	 	0.0	5.433798235743851	14.218915028734612	6.555567130959133	
2000-12-3	8.22698276636304	14.317306409334623	14.250639033762686	6.555567130959133	0.6013588807784233	 	 	0.0	8.22698276636304	14.250639033762686	5.954208250180711	
2000-12-4	10.209501877526206	14.298114945604368	14.26749314801799	5.954208250180712	0.7876946429187766	 	 	0.0	10.209501877526206	14.26749314801799	5.166513607261935	
2000-12-5	9.601063633148938	14.27803296088993	14.27180536049129	5.166513607261935	0.8168645995913715	 	 	0.0	9.601063633148938	14.27180536049129	4.349649007670564	
2000-12-6	7.170844494131409	14.257066373444388	14.26464260134296	4.349649007670564	0.6858680706705114	Dodgy Diesel	Francis	11.309733552923255	7.170844494131409	8.986475140157962	14.00049351548455	
2000-12-7	6.879980910554575	14.235221362217295	9.756990001212364	14.00049351548455	0.714279529465981	 	 	0.0	6.879980910554575	9.756990001212364	13.286213986018568	
2000-12-8	9.78837206087085	14.212504365033725	10.44600019476086	13.286213986018565	0.9838190005524106	 	 	0.0	9.78837206087085	10.44600019476086	12.302394985466156	
2000-12-9	5.917197613501362	14.18892207669702	11.070427485937145	12.302394985466156	0.7271917361912319	 	 	0.0	5.917197613501362	11.070427485937145	11.575203249274923	
2000-12-10	10.521542417057042	14.164481447015794	11.61855729095129	11.575203249274923	0.7414429518771742	 	 	0.0	10.521542417057042	11.61855729095129	10.833760297397749	
2000-12-11	5.1251656135264225	14.139189678755793	12.095092796710386	10.833760297397749	0.707671266753311	 	 	0.0	5.1251656135264225	12.095092796710386	10.126089030644438	
2000-12-12	4.973084011202896	14.113054225517214	12.502672495890232	10.126089030644438	0.594703899443791	 	 	0.0	4.973084011202896	12.502672495890232	9.531385131200647	
2000-12-13	8.348506787602249	14.086082789538086	12.841955303421313	9.531385131200647	0.7335665759547482	 	 	0.0	8.348506787602249	12.841955303421313	9.111977820604878	
2000-12-14	9.464209103207885	14.058283319424389	13.12367080737457	9.111977820604878	0.6192545608561374	 	 	0.0	9.464209103207885	13.12367080737457	8.49272325974874	
2000-12-15	7.461271333334127	14.029664007807563	13.348880641690801	8.49272325974874	0.6165702140201744	 	 	0.0	7.461271333334127	13.348880641690801	7.8761530457285645	
2000-12-16	7.034828755344783	14.000233288930104	13.52351139513137	7.8761530457285645	0.8593953643435199	 	 	0.0	7.034828755344783	13.52351139513137	7.0167576813850445	
2000-12-17	7.868804340867441	13.96999983615995	13.657904568752464	7.0167576813850445	0.8404638661105498	 	 	0.0	7.868804340867441	13.657904568752464	6.176293815274494	
2000-12-18	8.2109025763758	13.9389725594344	13.754033068293513	6.176293815274494	0.7279551925277566	 	 	0.0	8.2109025763758	13.754033068293515	5.448338622746737	
2000-12-19	5.554202887551778	13.907160602634324	13.813408202042716	5.448338622746737	0.670568822132759	 	 	0.0	5.554202887551778	13.813408202042716	4.777769800613978	
2000-12-20	7.846752884893362	13.874573340889402	13.84045544384671	4.777769800613978	0.7790324106439986	 	 	0.0	7.846752884893362	13.84045544384671	3.9987373899699787	
2000-12-21	6.944867567199705	13.841220377815244	13.840859608601802	3.9987373899699783	0.7797873447917087	Pristine Petroleum	Earl	11.309733552923255	6.944867567199705	8.483438144562891	14.113423206199206	
2000-12-22	7.26650746461224	13.807111542683158	9.25840150945708	14.113423206199206	0.7739212101177912	 	 	0.0	7.26650746461224	9.25840150945708	13.339501996081417	
2000-12-23	8.67661594002962	13.772256887523413	9.953323660405172	13.339501996081417	0.8750792514669531	 	 	0.0	8.67661594002962	9.953323660405172	12.464422744614463	
2000-12-24	6.366357200407127	13.736666684162868	10.576149487753927	12.464422744614463	0.7147243889598307	 	 	0.0	6.366357200407127	10.576149487753927	11.749698355654635	
2000-12-25	11.967942557235359	13.700351421197809	11.121314207672706	11.749698355654631	0.8061620798877599	 	 	0.0	11.967942557235359	11.121314207672706	10.943536275766874	
2000-12-26	6.593772179522852	13.663321800902917	11.596940754798585	10.943536275766874	0.8708195103602709	 	 	0.0	6.593772179522852	11.596940754798585	10.072716765406604	
2000-12-27	9.45971218098551	13.625588736077257	12.0085554308773	10.072716765406604	0.6267733430900274	 	 	0.0	9.45971218098551	12.0085554308773	9.445943422316576	
2000-12-28	9.374029250704256	13.587163346828227	12.349582187429338	9.445943422316576	0.8429668111620772	 	 	0.0	9.374029250704256	12.349582187429338	8.917135876513479	
2000-12-29	8.052092540780981	13.548056957294408	12.633071962851556	8.917135876513479	0.7740684471125283	 	 	0.0	8.052092540780981	12.633071962851556	8.14306742940095	
2000-12-30	10.467851464560123	13.508281092308291	12.859846962500566	8.14306742940095	0.910871074541033	 	 	0.0	10.467851464560123	12.859846962500566	7.232196354859918	
2000-12-31	5.79680240669449	13.467847473999857	13.037272082827878	7.232196354859918	0.5643725959826434	 	 	0.0	5.79680240669449	13.037272082827878	6.667823758877274	