Date	Air temperature	Underground temperature	Fuel temperature (start of day)	Fuel volume (start of day)	Amount of sales	Supplier name	Driver name	Refill volume	Refill temperature	Fuel temperature (end of day)	Fuel volume (end of day)
2000-1-1	3.047196305469464	13.42676801834201	13.42676801834201	15.393804002589984	0.8733520861658871	 	 	0.0	3.047196305469464	13.42676801834201	14.520451916424097	
2000-1-2	2.385110719176738	13.385054831638886	13.42056719850217	14.520451916424097	0.8629818948312615	 	 	0.0	2.385110719176738	13.42056719850217	13.657470021592832	
2000-1-3	4.231043392407959	13.342720206958067	13.408246602307191	13.657470021592832	0.5594426137389389	 	 	0.0	4.231043392407959	13.408246602307191	13.098027407853893	
2000-1-4	4.30344041795883	13.299776620507759	13.390328385194053	13.09802740785389	0.8395990609587906	 	 	0.0	4.30344041795883	13.390328385194055	12.2584283468951	
2000-1-5	1.6757519485667467	13.256236727959998	13.366621145474761	12.2584283468951	0.9608015077514495	 	 	0.0	1.6757519485667467	13.366621145474761	11.29762683914365	
2000-1-6	1.806583594741526	13.212113360720965	13.33691555448531	11.29762683914365	0.9933477260165969	 	 	0.0	1.806583594741526	13.33691555448531	10.304279113127054	
2000-1-7	2.591461194926289	13.167419522149507	13.3010892739837	10.304279113127054	0.8092143045885329	 	 	0.0	2.591461194926289	13.3010892739837	9.49506480853852	
2000-1-8	2.8477545701436675	13.122168383724995	13.25993916166308	9.49506480853852	0.8884683233899064	 	 	0.0	2.8477545701436675	13.25993916166308	8.606596485148614	
2000-1-9	2.5169027762106086	13.076373281165623	13.213199529527502	8.606596485148614	0.5816107568794058	 	 	0.0	2.5169027762106086	13.213199529527502	8.02498572826921	
2000-1-10	4.543461706276303	13.030047710498312	13.163050429642816	8.02498572826921	0.7980245312429688	 	 	0.0	4.543461706276303	13.163050429642814	7.226961197026239	
2000-1-11	4.175111407648279	12.983205324081368	13.108125057761466	7.226961197026239	0.7598813834726612	 	 	0.0	4.175111407648279	13.108125057761466	6.152920548194599	
2000-1-12	2.1364204084769614	12.935859926581074	13.049020916290205	6.152920548194599	0.859429414387127	 	 	0.0	2.1364204084769614	13.049020916290205	5.293491133807472	
2000-1-13	4.385801545602096	12.888025470903386	12.984819507244538	5.293491133807472	0.5689830091019994	 	 	0.0	4.385801545602096	12.984819507244538	4.724508124705473	
2000-1-14	3.6206462341908394	12.839716054081949	12.919991427922824	4.724508124705473	0.5947938222958181	 	 	0.0	3.6206462341908394	12.919991427922824	4.1297143024096545	
2000-1-15	4.291930790187273	12.79094591312364	12.854038594328747	4.1297143024096545	0.7026252616025863	Pristine Petroleum	Earl	11.309733552923255	4.291930790187273	6.301344631577273	14.916977867167754	
2000-1-16	2.770501056791629	12.741729420812847	7.225374998535431	14.916977867167754	0.5094869761541995	 	 	0.0	2.770501056791629	7.225374998535431	14.407490891013556	
2000-1-17	0.6911051560985761	12.692081081475761	8.038895369721473	14.407490891013556	0.606833082013027	 	 	0.0	0.6911051560985761	8.038895369721473	13.800657809000526	
2000-1-18	0.9017444827548139	12.642015526705862	8.755371734261516	13.800657809000526	0.6190661460973216	 	 	0.0	0.9017444827548139	8.755371734261516	13.181591662903205	
2000-1-19	5.441912975834416	12.591547511051944	9.38169889266718	13.181591662903205	0.6632771100411109	 	 	0.0	5.441912975834416	9.38169889266718	12.518314552862096	
2000-1-20	3.5067490252829763	12.540691907669864	9.925873360938256	12.518314552862096	0.878552579430437	 	 	0.0	3.5067490252829763	9.925873360938256	11.639761973431659	
2000-1-21	3.235194272260525	12.48946370393936	10.402027527295033	11.639761973431659	0.8447918308561321	 	 	0.0	3.235194272260525	10.402027527295033	10.794970142575528	
2000-1-22	5.122537905390563	12.437877997047211	10.810856428083172	10.794970142575528	0.9075788977713842	 	 	0.0	5.122537905390563	10.810856428083172	9.887391244804144	
2000-1-23	1.770909979585279	12.38594998953801	11.157302957753078	9.887391244804144	0.5042317899714537	 	 	0.0	1.770909979585279	11.157302957753078	9.38315945483269	
2000-1-24	5.962689448476708	12.333694984833919	11.430545822786337	9.38315945483269	0.7193812505347797	 	 	0.0	5.962689448476708	11.430545822786337	8.66377820429791	
2000-1-25	1.872298598390639	12.281128382724672	11.645199493372273	8.66377820429791	0.6324457966772666	 	 	0.0	1.872298598390639	11.645199493372273	8.031332407620646	
2000-1-26	2.784837801085054	12.228265674829185	11.804439466246585	8.031332407620644	0.8906954065440577	 	 	0.0	2.784837801085054	11.804439466246585	7.140637001076586	
2000-1-27	4.158678936462702	12.175122440030117	11.91890522838218	7.140637001076586	0.9075796507341791	 	 	0.0	4.158678936462702	11.91890522838218	5.918898084983426	
2000-1-28	0.5685089777106116	12.121714339882685	11.991144226706417	5.918898084983426	0.6485294750041899	 	 	0.0	0.5685089777106116	11.991144226706417	5.270368609979236	
2000-1-29	4.680155163743338	12.068057113999142	12.021913571645005	5.270368609979236	0.7890362891000336	 	 	0.0	4.680155163743338	12.021913571645005	4.481332320879202	
2000-1-30	6.410687219725549	12.014166575410242	12.01826854058148	4.481332320879202	0.5230858878342824	 	 	0.0	6.410687219725549	12.01826854058148	3.9582464330449194	
2000-1-31	2.903577996461927	11.96005860590506	11.987260983206001	3.9582464330449194	0.8155506431308007	Dodgy Diesel	Trevor	11.309733552923255	2.903577996461927	4.899710211861426	14.61544254665794	
2000-2-1	2.835614350878307	11.90574915135056	5.924498430747214	14.61544254665794	0.8139220071489167	 	 	0.0	2.835614350878307	5.924498430747214	13.801520539509026	
2000-2-2	6.226914949258071	11.851254216992283	6.84477783205873	13.801520539509026	0.5520259764809153	 	 	0.0	6.226914949258071	6.84477783205873	13.249494563028108	
2000-2-3	5.64651317103105	11.796589862737507	7.647304340050555	13.249494563028108	0.9451731209109889	 	 	0.0	5.64651317103105	7.647304340050555	12.304321442117121	
2000-2-4	1.967554559725157	11.741772198422339	8.36383083518717	12.304321442117121	0.7152456473629565	 	 	0.0	1.967554559725157	8.36383083518717	11.589075794754164	
2000-2-5	4.136498231738985	11.686817379064065	8.982731344174578	11.589075794754166	0.7985640953378899	 	 	0.0	4.136498231738985	8.982731344174578	10.790511699416276	
2000-2-6	2.9756370667124745	11.631741600100188	9.514078051581432	10.790511699416276	0.9163162249248824	 	 	0.0	2.9756370667124745	9.514078051581432	9.874195474491396	
2000-2-7	3.0514221807807407	11.576561092615563	9.967697900714908	9.874195474491396	0.575328228938392	 	 	0.0	3.0514221807807407	9.967697900714908	9.298867245553001	
2000-2-8	4.031870817878537	11.521292118559021	10.33145722962777	9.298867245553001	0.6843154466384352	 	 	0.0	4.031870817878537	10.33145722962777	8.614551798914567	
2000-2-9	6.304073701610758	11.4659509659509	10.619104280896956	8.614551798914567	0.7171358781926576	 	 	0.0	6.304073701610758	10.619104280896956	7.89741592072191	
2000-2-10	2.0987504813340667	11.410553944082885	10.83882103760867	7.897415920721909	0.8060907506264556	 	 	0.0	2.0987504813340667	10.83882103760867	7.091325170095453	
2000-2-11	4.681884565618344	11.35511737871159	10.99923896772943	7.091325170095453	0.9223641172762918	 	 	0.0	4.681884565618344	10.999238967729429	5.854801787460182	
2000-2-12	5.017782493937163	11.29965760724728	11.107306271181672	5.854801787460182	0.585115597045992	 	 	0.0	5.017782493937163	11.107306271181672	5.269686190414189	
2000-2-13	3.9634743836035846	11.244190973939165	11.162020731926717	5.269686190414189	0.9258874780633438	 	 	0.0	3.9634743836035846	11.162020731926717	4.3437987123508455	
2000-2-14	4.541341134936427	11.188733825058668	11.174975001772115	4.3437987123508455	0.6880795292894448	Dodgy Diesel	Trevor	11.309733552923255	4.541341134936427	6.2268947601405324	14.701540490005838	
2000-2-15	5.7997390549230206	11.13330250408211	6.941320592332907	14.70154049000584	0.6339932418997587	 	 	0.0	5.7997390549230206	6.941320592332907	14.06754724810608	
2000-2-16	4.603091897669639	11.077913346874212	7.571918501061017	14.06754724810608	0.5758544277661735	 	 	0.0	4.603091897669639	7.571918501061017	13.491692820339907	
2000-2-17	2.42465134575379	11.02258267687383	8.121322794907051	13.491692820339907	0.8244255294891758	 	 	0.0	2.42465134575379	8.121322794907051	12.667267290850729	
2000-2-18	2.348909748694077	10.967326800283384	8.604991303273911	12.667267290850729	0.6828760750465221	 	 	0.0	2.348909748694077	8.604991303273911	11.984391215804209	
2000-2-19	4.910529017450884	10.912162001263326	9.020253370702614	11.98439121580421	0.5835354171665309	 	 	0.0	4.910529017450884	9.020253370702614	11.400855798637679	
2000-2-20	3.3857834064109604	10.857104537133127	9.368425808260064	11.400855798637679	0.969857731862218	 	 	0.0	3.3857834064109604	9.368425808260064	10.43099806677546	
2000-2-21	6.761055792994287	10.80217063358018	9.66635828012582	10.43099806677546	0.6831091425379805	 	 	0.0	6.761055792994287	9.66635828012582	9.74788892423748	
2000-2-22	3.1841654350927526	10.747376479878007	9.90734016097981	9.74788892423748	0.7264473512454446	 	 	0.0	3.1841654350927526	9.90734016097981	9.021441572992037	
2000-2-23	6.991035432807329	10.692738224115201	10.097079998069903	9.021441572992037	0.7372657370170526	 	 	0.0	6.991035432807329	10.097079998069903	8.284175835974985	
2000-2-24	4.904052117795084	10.638271968436527	10.23994807602775	8.284175835974985	0.9895844450541754	 	 	0.0	4.904052117795084	10.23994807602775	7.294591390920809	
2000-2-25	5.236895939647513	10.583993764297528	10.343664132982143	7.294591390920809	0.5655390418214629	 	 	0.0	5.236895939647513	10.343664132982143	6.729052349099345	
2000-2-26	6.700103230790475	10.529919607734099	10.40476986980058	6.729052349099345	0.9486365967495616	 	 	0.0	6.700103230790475	10.40476986980058	5.466256486990804	
2000-2-27	3.3675364130676027	10.476065434648378	10.432221265638976	5.466256486990804	0.725466317680306	 	 	0.0	3.3675364130676027	10.432221265638976	4.740790169310498	
2000-2-28	5.433593179958128	10.422447116112357	10.427881828008905	4.740790169310498	0.7645540889912251	 	 	0.0	5.433593179958128	10.427881828008905	3.976236080319273	
2000-2-29	1.464061092242975	10.369080453690618	10.396756178633842	3.976236080319273	0.6476295385091296	Dodgy Diesel	Trevor	11.309733552923255	1.464061092242975	3.5189681227239267	14.783634944556415	
2000-3-1	7.477167175741005	10.315981174783525	4.500124975037186	14.783634944556415	0.6436870341023502	 	 	0.0	7.477167175741005	4.500124975037186	14.139947910454062	
2000-3-2	5.212554742358669	10.263164927992294	5.3717028477622515	14.139947910454062	0.5496725559029085	 	 	0.0	5.212554742358669	5.3717028477622515	13.590275354551151	
2000-3-3	5.311909770501511	10.21064727850728	6.134559974821309	13.590275354551151	0.7443617061040229	 	 	0.0	5.311909770501511	6.134559974821309	12.845913648447128	
2000-3-4	13.095614003200048	10.158443703520838	6.807171567125151	12.845913648447128	0.8796789928092252	 	 	0.0	13.095614003200048	6.807171567125151	11.966234655637903	
2000-3-5	12.333635263438628	10.106569587666128	7.400761090765069	11.966234655637903	0.7585408323877498	 	 	0.0	12.333635263438628	7.400761090765069	11.207693823250153	
2000-3-6	8.33955452133144	10.05504021848319	7.9118762006432455	11.207693823250153	0.9198681279392265	 	 	0.0	8.33955452133144	7.911876200643246	10.287825695310927	
2000-3-7	7.296203959646096	10.003870781913644	8.35211994522903	10.287825695310927	0.960982365786033	 	 	0.0	7.296203959646096	8.35211994522903	9.326843329524893	
2000-3-8	10.509729517616506	9.95307635782531	8.725134089624419	9.326843329524893	0.6247010311309504	 	 	0.0	10.509729517616506	8.725134089624419	8.702142298393943	
2000-3-9	7.19593810889143	9.90267191556811	9.020049428452594	8.702142298393943	0.9057015359008749	 	 	0.0	7.19593810889143	9.020049428452594	7.796440762493069	
2000-3-10	10.26073231655411	9.852672309562529	9.253899108235672	7.796440762493069	0.5339581049051932	 	 	0.0	10.26073231655411	9.253899108235672	7.262482657587876	
2000-3-11	9.020167277900098	9.803092274921957	9.420041540805675	7.262482657587876	0.677156633945952	 	 	0.0	9.020167277900098	9.420041540805675	6.271166758282944	
2000-3-12	8.918503786774256	9.753946423110166	9.531982795712283	6.271166758282944	0.7764518603787615	 	 	0.0	8.918503786774256	9.531982795712283	5.494714897904182	
2000-3-13	5.6072733450885615	9.705249237635268	9.598286707081163	5.494714897904182	0.6830934628657712	 	 	0.0	5.6072733450885615	9.598286707081163	4.811621435038411	
2000-3-14	8.502576718000183	9.657015069781336	9.623952716342867	4.811621435038411	0.6294366143591641	 	 	0.0	8.502576718000183	9.623952716342867	4.182184820679247	
2000-3-15	7.052222051615516	9.609258134379031	9.61656401137602	4.182184820679247	0.6671280629843293	Dodgy Diesel	Trevor	11.309733552923255	7.052222051615516	7.678671379693277	14.702884946261749	
2000-3-16	6.329201940120633	9.561992505616415	7.953319746057061	14.702884946261749	0.8010288006673645	 	 	0.0	6.329201940120633	7.953319746057061	13.901856145594385	
2000-3-17	6.819121006698346	9.515232112891233	8.194598059002555	13.901856145594385	0.9847563759064211	 	 	0.0	6.819121006698346	8.194598059002555	12.917099769687962	
2000-3-18	9.293043537189897	9.46899073670585	8.406900647252865	12.917099769687962	0.742366129885165	 	 	0.0	9.293043537189897	8.406900647252865	12.174733639802799	
2000-3-19	8.369421614092841	9.42328200460607	8.586861214453457	12.174733639802797	0.5987886135107681	 	 	0.0	8.369421614092841	8.586861214453457	11.57594502629203	
2000-3-20	8.992065277431278	9.378119387165047	8.73444009638141	11.57594502629203	0.7573668769413056	 	 	0.0	8.992065277431278	8.73444009638141	10.818578149350726	
2000-3-21	11.736158577840362	9.333516194013432	8.854250489220663	10.818578149350726	0.953940842753763	 	 	0.0	11.736158577840362	8.854250489220663	9.864637306596963	
2000-3-22	11.704325749686374	9.289485569916975	8.950001017226839	9.864637306596963	0.7163237665536286	 	 	0.0	11.704325749686374	8.950001017226839	9.148313540043334	
2000-3-23	11.13935157878427	9.246040490902693	9.020417331237997	9.148313540043334	0.6857225009573903	 	 	0.0	11.13935157878427	9.020417331237997	8.462591039085945	
2000-3-24	10.24446517326638	9.203193760434786	9.067555077451948	8.462591039085945	0.8935834065625953	 	 	0.0	10.24446517326638	9.067555077451948	7.569007632523349	
2000-3-25	7.91646001570328	9.160958005641383	9.094611949172155	7.569007632523349	0.5442874614828327	 	 	0.0	7.91646001570328	9.094611949172155	7.024720171040516	
2000-3-26	6.137219897578014	9.119345673593285	9.102358157938843	7.024720171040516	0.6545046142872274	 	 	0.0	6.137219897578014	9.102358157938843	6.056056291394309	
2000-3-27	7.7078786332331495	9.078369027635741	9.094033108052024	6.056056291394308	0.98741729422852	 	 	0.0	7.7078786332331495	9.094033108052024	5.068638997165788	
2000-3-28	8.288963200272963	9.0380401437744	9.070816417031256	5.068638997165788	0.8595218490286891	 	 	0.0	8.288963200272963	9.070816417031256	4.209117148137099	
2000-3-29	7.9150560313349745	8.998370907116438	9.034644838095751	4.209117148137099	0.584180431690969	Dodgy Diesel	Trevor	11.309733552923255	7.9150560313349745	8.201418005110805	14.48656672378178	
2000-3-30	9.8654642985263	8.959373008367983	8.313704362446353	14.486566723781781	0.6978022874275361	 	 	0.0	9.8654642985263	8.313704362446353	13.788764436354247	
2000-3-31	10.199594019444318	8.92105794038879	8.408351381837283	13.788764436354247	0.9904161650658381	 	 	0.0	10.199594019444318	8.408351381837283	12.798348271288411	
2000-4-1	10.869371061753744	8.883436994805258	8.488268281642076	12.798348271288411	0.7246800140912172	 	 	0.0	10.869371061753744	8.488268281642076	12.073668257197195	
2000-4-2	11.2215967186036	8.846521258682731	8.552251530050974	12.073668257197195	0.527298165489084	 	 	0.0	11.2215967186036	8.552251530050974	11.546370091708111	
2000-4-3	10.040189975313359	8.810321611258082	8.600509491202912	11.546370091708111	0.655682855571982	 	 	0.0	10.040189975313359	8.600509491202912	10.890687236136129	
2000-4-4	12.668417517113786	8.774848720733566	8.63513306222981	10.890687236136129	0.5527459209628505	 	 	0.0	12.668417517113786	8.63513306222981	10.337941315173278	
2000-4-5	14.849901114793832	8.740113041132833	8.657132492951522	10.337941315173278	0.967767680685264	 	 	0.0	14.849901114793832	8.657132492951522	9.370173634488014	
2000-4-6	12.199428506297501	8.706124809220102	8.66849667204494	9.370173634488014	0.818151890829456	 	 	0.0	12.199428506297501	8.66849667204494	8.552021743658557	
2000-4-7	7.2125328505838615	8.672894041483318	8.669617996008354	8.552021743658557	0.9063182292661432	 	 	0.0	7.2125328505838615	8.669617996008354	7.645703514392413	
2000-4-8	8.287199348911598	8.640430531182263	8.661255149164747	7.645703514392413	0.6039331980198579	 	 	0.0	8.287199348911598	8.661255149164747	7.0417703163725545	
2000-4-9	11.360483075609471	8.608743845462428	8.64485902811987	7.0417703163725545	0.8929302890150638	 	 	0.0	11.360483075609471	8.64485902811987	5.834680761998512	
2000-4-10	10.907676758562042	8.577843322535532	8.620732170102032	5.834680761998512	0.970792450847657	 	 	0.0	10.907676758562042	8.620732170102032	4.863888311150855	
2000-4-11	11.189107538263741	8.547738068927517	8.589208716269619	4.863888311150855	0.7914401539522065	 	 	0.0	11.189107538263741	8.589208716269619	4.072448157198648	
2000-4-12	7.648036649857904	8.518436956794801	8.55270653393071	4.072448157198648	0.7124654596992153	Dodgy Diesel	Francis	11.309733552923255	7.648036649857904	7.8631789434489665	14.442832464368319	
2000-4-13	8.993922702399825	8.489948621309619	7.956283423832052	14.442832464368319	0.7537040684984961	 	 	0.0	8.993922702399825	7.956283423832051	13.68912839586982	
2000-4-14	8.952109975035519	8.462281458115202	8.035691549511855	13.68912839586982	0.9433779718077375	 	 	0.0	8.952109975035519	8.035691549511855	12.745750424062086	
2000-4-15	9.188386323697642	8.43544362085153	8.103192707663657	12.745750424062086	0.6591884607167979	 	 	0.0	9.188386323697642	8.103192707663657	12.086561963345288	
2000-4-16	8.138488235140763	8.409443018752432	8.157805102732175	12.086561963345288	0.5053791715917008	 	 	0.0	8.138488235140763	8.157805102732175	11.581182791753589	
2000-4-17	12.89271348430402	8.384287314314687	8.200006909664346	11.581182791753589	0.902636302024747	 	 	0.0	12.89271348430402	8.200006909664346	10.67854648972884	
2000-4-18	12.042237422298713	8.359983921039856	8.232414031868958	10.67854648972884	0.9378248269078493	 	 	0.0	12.042237422298713	8.232414031868958	9.74072166282099	
2000-4-19	6.697563906401807	8.336540001249485	8.25560654814479	9.74072166282099	0.9618217481575151	 	 	0.0	6.697563906401807	8.25560654814479	8.778899914663475	
2000-4-20	11.949154878761794	8.313962463974349	8.27008174858121	8.778899914663475	0.6413059286636302	 	 	0.0	11.949154878761794	8.27008174858121	8.137593985999844	
2000-4-21	13.388838015639676	8.292257962918308	8.276033575417967	8.137593985999844	0.9051447600021447	 	 	0.0	13.388838015639676	8.276033575417967	7.2324492259977	
2000-4-22	9.261717924355446	8.271432894497448	8.274637250248906	7.2324492259977	0.8270079114597332	 	 	0.0	9.261717924355446	8.274637250248906	6.091282049178987	
2000-4-23	9.418826706579763	8.251493395955018	8.266659333210402	6.091282049178988	0.9359107600031961	 	 	0.0	9.418826706579763	8.266659333210402	5.1553712891757915	
2000-4-24	8.770026435575902	8.232445343552758	8.252724478042824	5.1553712891757915	0.710632047952786	 	 	0.0	8.770026435575902	8.252724478042824	4.444739241223005	
2000-4-25	8.038566160617561	8.214294350839143	8.234570262113253	4.444739241223005	0.5898554610530283	 	 	0.0	8.038566160617561	8.234570262113253	3.8548837801699767	
2000-4-26	7.005554274590463	8.197045766995037	8.214131868052757	3.8548837801699767	0.9619736473409675	Pristine Petroleum	Josh	11.309733552923255	7.005554274590463	7.253478867674667	14.416456754054337	
2000-4-27	9.007802641065297	8.180704675257267	7.39137928089914	14.416456754054337	0.5123271406929132	 	 	0.0	9.007802641065297	7.39137928089914	13.865100029331316	
2000-4-28	9.419946919197189	8.165275891420576	7.511177377342399	13.865100029331316	0.681850881795317	 	 	0.0	9.419946919197189	7.511177377342399	13.14421956350589	
2000-4-29	15.296691257580285	8.150763962418376	7.615761278843774	13.14421956350589	0.7394136865844398	 	 	0.0	15.296691257580285	7.615761278843774	12.365776292891338	
2000-4-30	13.18606129399795	8.137173164982753	7.706539200549867	12.365776292891338	0.6535199390285664	 	 	0.0	13.18606129399795	7.706539200549867	11.673226769832661	
2000-5-1	8.763598882245924	8.124507504384093	7.783751962146597	11.673226769832661	0.578610439239994	 	 	0.0	8.763598882245924	7.783751962146597	11.055586746562556	
2000-5-2	11.492242285740943	8.112770713250708	7.848033212110253	11.055586746562556	0.9963615583739582	 	 	0.0	11.492242285740943	7.848033212110253	10.020195604158486	
2000-5-3	12.398907580614905	8.101966250468818	7.90294100309085	10.020195604158486	0.5714380442317153	 	 	0.0	12.398907580614905	7.9029410030908505	9.40972797589666	
2000-5-4	13.429463535328765	8.092097300163195	7.946589984276422	9.40972797589666	0.5708298186006941	 	 	0.0	13.429463535328765	7.946589984276421	8.799868573265854	
2000-5-5	9.469839569314958	8.083166770758794	7.980372576150111	8.799868573265854	0.699980158489734	 	 	0.0	9.469839569314958	7.980372576150111	8.06085883074601	
2000-5-6	9.921787523888154	8.075177294123618	8.006060781509015	8.06085883074601	0.6747211878814139	 	 	0.0	9.921787523888154	8.006060781509015	7.347108058834485	
2000-5-7	9.097672224985992	8.068131224793106	8.024586724105811	7.347108058834485	0.9251076832107984	 	 	0.0	9.097672224985992	8.024586724105811	6.068811526234594	
2000-5-8	14.816847779876907	8.062030639276227	8.03753820604831	6.068811526234594	0.5439889226205111	 	 	0.0	14.816847779876907	8.03753820604831	5.485793019583972	
2000-5-9	10.66702866747425	8.056877335443538	8.044938442785845	5.485793019583972	0.6045376029729016	 	 	0.0	10.66702866747425	8.044938442785845	4.842225832580959	
2000-5-10	12.430813937737971	8.05267283199733	8.048291435928574	4.842225832580959	0.5121059352218478	 	 	0.0	12.430813937737971	8.048291435928574	4.291090313329	
2000-5-11	9.618782977864075	8.04941836802407	8.048842730090518	4.291090313329	0.5300573987780602	Dodgy Diesel	Trevor	11.309733552923255	9.618782977864075	9.203320906716273	14.378795333793413	
2000-5-12	13.700711326259373	8.047114902629223	9.030531248402932	14.378795333793416	0.8259122849946936	 	 	0.0	13.700711326259373	9.030531248402932	13.51385346476861	
2000-5-13	15.511292375228388	8.045763114654617	8.87374872084388	13.51385346476861	0.5876307081942326	 	 	0.0	15.511292375228388	8.87374872084388	12.887193172544269	
2000-5-14	10.69755969529407	8.045363402478374	8.73531429020191	12.887193172544269	0.559078178578448	 	 	0.0	10.69755969529407	8.73531429020191	12.28908540993571	
2000-5-15	10.095315117177527	8.045915883897505	8.614370831165855	12.28908540993571	0.8008357777088403	 	 	0.0	10.095315117177527	8.614370831165855	11.449220048196759	
2000-5-16	12.94591812548471	8.047420396093202	8.507421258854189	11.449220048196759	0.6506012599757036	 	 	0.0	12.94591812548471	8.507421258854189	10.759589204190943	
2000-5-17	9.431368451021486	8.049876495678811	8.415422454881508	10.759589204190943	0.5060807031981128	 	 	0.0	9.431368451021486	8.415422454881508	10.21447891696272	
2000-5-18	8.720756584329765	8.053283458830514	8.338605590728955	10.21447891696272	0.52230160326775	 	 	0.0	8.720756584329765	8.338605590728955	9.65314772966486	
2000-5-19	16.126147072615893	8.057640281500634	8.275430441296088	9.65314772966486	0.6564227729542373	 	 	0.0	16.126147072615893	8.275430441296088	8.957695372680513	
2000-5-20	9.995706251531017	8.062945679713529	8.223812668579365	8.957695372680513	0.5648651955268269	 	 	0.0	9.995706251531017	8.223812668579365	8.353800593123575	
2000-5-21	14.431118554374928	8.069198089943995	8.18343402044408	8.353800593123575	0.8731237308546309	 	 	0.0	14.431118554374928	8.18343402044408	7.441647278238834	
2000-5-22	12.224760626569527	8.076395669578039	8.151904204682092	7.4416472782388325	0.6366839041566575	 	 	0.0	12.224760626569527	8.151904204682092	6.765933790052064	
2000-5-23	6.521018619169928	8.084536297455909	8.129982355916495	6.765933790052064	0.5351167616944433	 	 	0.0	6.521018619169928	8.129982355916495	5.877628178968529	
2000-5-24	8.594848103054687	8.093617574497202	8.116993479183249	5.877628178968529	0.5057196973109497	 	 	0.0	8.594848103054687	8.116993479183249	5.3328788976274675	
2000-5-25	8.645011108969674	8.10363682440789	8.111735456759318	5.3328788976274675	0.9498976624321804	 	 	0.0	8.645011108969674	8.111735456759318	4.343951651165176	
2000-5-26	13.895383022943522	8.114591094469038	8.113115529705576	4.343951651165176	0.6999831413668508	Pristine Petroleum	Earl	11.309733552923255	13.895383022943522	12.496474215567918	15.214859765403022	
2000-5-27	8.466978654875481	8.126477156406981	11.877774982913422	15.214859765403022	0.7791955724852477	 	 	0.0	8.466978654875481	11.877774982913422	14.396634608887664	
2000-5-28	8.52052924546792	8.139291507344707	11.318118359399277	14.396634608887661	0.8070220152943719	 	 	0.0	8.52052924546792	11.318118359399277	13.550583009563178	
2000-5-29	8.17915354236526	8.153030370834179	10.814328788167176	13.550583009563178	0.7220949626653459	 	 	0.0	8.17915354236526	10.814328788167176	12.78945846286772	
2000-5-30	8.366697914768883	8.167689697969264	10.367610353019053	12.78945846286772	0.9354614051481424	 	 	0.0	8.366697914768883	10.367610353019053	11.814967473689467	
2000-5-31	12.366709988176153	8.183265168578973	9.967880251354503	11.814967473689466	0.616099881706643	 	 	0.0	12.366709988176153	9.967880251354503	11.159838007952713	
2000-6-1	12.95990108124249	8.199752192500624	9.624924904424619	11.159838007952713	0.9746131784579686	 	 	0.0	12.95990108124249	9.624924904424619	10.146195245464636	
2000-6-2	10.683530509576412	8.217145910932594	9.323828338407136	10.146195245464636	0.6446444278122648	 	 	0.0	10.683530509576412	9.323828338407136	9.462521233622258	
2000-6-3	15.01195381482588	8.235441197866226	9.07373085781046	9.462521233622258	0.5960077259214223	 	 	0.0	15.01195381482588	9.07373085781046	8.827483923670725	
2000-6-4	14.006240093823296	8.254632661596483	8.871528978292158	8.827483923670725	0.6043628964797114	 	 	0.0	14.006240093823296	8.871528978292158	8.184091443160902	
2000-6-5	14.156334527652575	8.274714646310919	8.712191113016493	8.184091443160904	0.9269486789028953	 	 	0.0	14.156334527652575	8.712191113016493	7.218113180227898	
2000-6-6	18.628987724648688	8.295681233756461	8.585454758562978	7.218113180227898	0.974105914882205	 	 	0.0	18.628987724648688	8.585454758562978	5.890818415956602	
2000-6-7	14.5508196962292	8.317526244983554	8.489921214786555	5.890818415956602	0.5644164945960738	 	 	0.0	14.5508196962292	8.489921214786555	5.2873723373304164	
2000-6-8	15.47571964945076	8.340243242167125	8.430466751724673	5.2873723373304164	0.9605299824918112	 	 	0.0	15.47571964945076	8.430466751724673	4.287812770808493	
2000-6-9	12.029423659602017	8.36382553050383	8.39782714673432	4.287812770808493	0.5273432250812887	Dodgy Diesel	Francis	11.309733552923255	12.029423659602017	11.092853551963433	14.744225180895215	
2000-6-10	15.98464273539365	8.388266160185058	10.698071258247191	14.744225180895215	0.8319010287889459	 	 	0.0	15.98464273539365	10.698071258247191	13.873294568076158	
2000-6-11	16.48087570042138	8.413557928445057	10.343343189235648	13.873294568076158	0.6985911580207077	 	 	0.0	16.48087570042138	10.343343189235648	13.13567382602534	
2000-6-12	16.18480853599846	8.439693381683636	10.03087203288271	13.13567382602534	0.8319575868527086	 	 	0.0	16.18480853599846	10.03087203288271	12.264686655142519	
2000-6-13	19.40556884237675	8.466664817662764	9.755500986690565	12.264686655142517	0.7745512865694154	 	 	0.0	19.40556884237675	9.755500986690565	11.45110578454299	
2000-6-14	10.483262240299132	8.494464287776461	9.517357066722289	11.45110578454299	0.5006273610477033	 	 	0.0	10.483262240299132	9.517357066722289	10.911448839465177	
2000-6-15	19.182158973063682	8.523083599393287	9.320081257207445	10.911448839465177	0.6986706855114306	 	 	0.0	19.182158973063682	9.320081257207445	10.173748569923635	
2000-6-16	15.272944944767454	8.552514318270745	9.156427914958481	10.173748569923635	0.8542920032521448	 	 	0.0	15.272944944767454	9.156427914958481	9.28042698264138	
2000-6-17	14.860934600981627	8.5827477710409	9.021951388101652	9.28042698264138	0.9874901161504062	 	 	0.0	14.860934600981627	9.021951388101652	8.253907282460863	
2000-6-18	14.76459209055438	8.613775047766449	8.913916380196161	8.253907282460863	0.9186723209061557	 	 	0.0	14.76459209055438	8.913916380196161	7.296205377524598	
2000-6-19	19.190109266105623	8.645587004566526	8.833163741725826	7.296205377524598	0.6083412721283594	 	 	0.0	19.190109266105623	8.833163741725826	6.648834521366128	
2000-6-20	10.144106615108976	8.678174266311448	8.781758185489254	6.648834521366126	0.5729606444537153	 	 	0.0	10.144106615108976	8.781758185489254	5.72268502752332	
2000-6-21	14.677333620418763	8.711527229385606	8.755975026841366	5.722685027523319	0.8478067029472977	 	 	0.0	14.677333620418763	8.755975026841366	4.835848740545909	
2000-6-22	12.677210312498806	8.745636064517692	8.751483446460938	4.835848740545909	0.9972432431625787	 	 	0.0	12.677210312498806	8.751483446460938	3.7995759133532196	
2000-6-23	15.123273317113927	8.780490719677436	8.767521975771059	3.7995759133532196	0.592841100061892	Dodgy Diesel	Francis	11.309733552923255	15.123273317113927	13.73276661658621	14.793159440054257	
2000-6-24	15.477859470317284	8.816080923037982	13.015403657015758	14.793159440054257	0.7644838708356049	 	 	0.0	15.477859470317284	13.01540365701576	13.989645985188544	
2000-6-25	12.731921825379551	8.852396186003041	12.372832473415778	13.989645985188544	0.5694017101775714	 	 	0.0	12.731921825379551	12.372832473415778	13.38121469098086	
2000-6-26	14.430984542857578	8.889425806297933	11.810527910661142	13.38121469098086	0.8190784401476983	 	 	0.0	14.430984542857578	11.810527910661143	12.523106666803052	
2000-6-27	15.210175344363778	8.927158871123593	11.312682391775882	12.523106666803052	0.5605153613520993	 	 	0.0	15.210175344363778	11.312682391775882	11.92356172142084	
2000-6-28	15.589063124667812	8.965584260372623	10.886738106969988	11.92356172142084	0.8512732135530587	 	 	0.0	15.589063124667812	10.886738106969988	11.033258923837671	
2000-6-29	12.019919318904696	9.004690649906443	10.516997257175074	11.033258923837671	0.8926840848543617	 	 	0.0	12.019919318904696	10.516997257175074	10.1015452549532	
2000-6-30	17.257108094226876	9.044466514892559	10.200300308075455	10.1015452549532	0.5963194648516845	 	 	0.0	17.257108094226876	10.200300308075455	9.466196206071405	
2000-7-1	15.926553957140037	9.084900133200993	9.94384838980205	9.466196206071405	0.5474059786634152	 	 	0.0	15.926553957140037	9.94384838980205	8.879760643377878	
2000-7-2	21.602285520344413	9.12597958885884	9.74298778828515	8.879760643377878	0.5603737985918321	 	 	0.0	21.602285520344413	9.74298778828515	8.280357260755936	
2000-7-3	18.105311755837064	9.167692775561964	9.591104017922842	8.280357260755936	0.7000925576844095	 	 	0.0	18.105311755837064	9.591104017922842	7.541235119041417	
2000-7-4	20.699449725698233	9.210027400242783	9.48022531898488	7.541235119041417	0.593690301361672	 	 	0.0	20.699449725698233	9.48022531898488	6.908515233649634	
2000-7-5	18.956701757064256	9.252970986693091	9.407767605873122	6.908515233649634	0.9815628968541136	 	 	0.0	18.956701757064256	9.407767605873122	5.573763487406429	
2000-7-6	19.22805904123174	9.296510879240852	9.365802573617245	5.573763487406428	0.6250772211392053	 	 	0.0	19.22805904123174	9.365802573617245	4.909656682237111	
2000-7-7	23.020231193916995	9.340634246479885	9.355025700620233	4.909656682237111	0.6446249509855901	 	 	0.0	23.020231193916995	9.355025700620233	4.2260021472214095	
2000-7-8	22.02845406304479	9.385328085051341	9.370099801625507	4.2260021472214095	0.6974030975018343	Dodgy Diesel	Francis	11.309733552923255	22.02845406304479	18.943597563608442	14.633206690936067	
2000-7-9	14.953878760648442	9.430579223475855	17.531882067383858	14.633206690936067	0.9699220618139148	 	 	0.0	14.953878760648442	17.531882067383858	13.624255045092042	
2000-7-10	20.87199687876848	9.476374326035227	16.247880122324993	13.624255045092042	0.8136636609304415	 	 	0.0	20.87199687876848	16.247880122324993	12.771561800131492	
2000-7-11	27.2857785630645	9.522699896702537	15.104199869797307	12.771561800131492	0.8919736089934404	 	 	0.0	27.2857785630645	15.104199869797307	11.84055860710794	
2000-7-12	21.207106198755586	9.569542283119482	14.08825841526244	11.84055860710794	0.7988554736464704	 	 	0.0	21.207106198755586	14.088258415262441	11.002673549431359	
2000-7-13	18.625902081695624	9.616887680619776	13.204159041571568	11.002673549431359	0.7996596790950949	 	 	0.0	18.625902081695624	13.20415904157157	10.163984286306153	
2000-7-14	22.5463932972133	9.664722136297463	12.445486952653292	10.163984286306153	0.7503850114774326	 	 	0.0	22.5463932972133	12.445486952653292	9.37456969079861	
2000-7-15	27.360839722998524	9.713031553118899	11.809298761728142	9.37456969079861	0.5558295532650421	 	 	0.0	27.360839722998524	11.809298761728142	8.779710553503458	
2000-7-16	17.354979047048527	9.76180169407721	11.299451557865442	8.779710553503458	0.8087129392816721	 	 	0.0	17.354979047048527	11.299451557865442	7.931968030191675	
2000-7-17	21.103649212784035	9.811018186388	10.887805141203879	7.931968030191675	0.9946467366781189	 	 	0.0	21.103649212784035	10.887805141203879	6.898291709483446	
2000-7-18	24.331074265570383	9.86066652572509	10.559289396651375	6.898291709483446	0.8285243763327185	 	 	0.0	24.331074265570383	10.559289396651375	5.716578483761635	
2000-7-19	26.162824031999804	9.910732080494986	10.320464893598839	5.716578483761635	0.8369781186458356	 	 	0.0	26.162824031999804	10.320464893598839	4.840570781085688	
2000-7-20	18.20697995308625	9.961200096148906	10.164269138454216	4.840570781085688	0.6035527541735815	 	 	0.0	18.20697995308625	10.164269138454216	4.142217197794539	
2000-7-21	20.557031023662574	10.012055699530986	10.086948450354694	4.142217197794539	0.5844019267062581	Dodgy Diesel	Francis	11.309733552923255	20.557031023662574	17.97582241778366	14.361085607309946	
2000-7-22	21.208436539257914	10.063283903261489	16.780169752887858	14.361085607309946	0.7381559669601538	 	 	0.0	21.208436539257914	16.780169752887858	13.528128811232223	
2000-7-23	27.980621472860665	10.114869610153638	15.710932945007817	13.528128811232223	0.6618311344642002	 	 	0.0	27.980621472860665	15.710932945007817	12.771496847650456	
2000-7-24	16.332480904798633	10.166797617662839	14.768662929603972	12.771496847650456	0.7050689683638665	 	 	0.0	16.332480904798633	14.768662929603972	11.97162705016902	
2000-7-25	24.999500808958498	10.219052622366931	13.943236449181521	11.97162705016902	0.7107896756668635	 	 	0.0	24.999500808958498	13.943236449181523	11.16603654538459	
2000-7-26	21.909066504335254	10.271619224476177	13.228312540093981	11.16603654538459	0.6359444135928384	 	 	0.0	21.909066504335254	13.228312540093981	10.435291302674182	
2000-7-27	21.847442126030117	10.324481932371663	12.622550076927666	10.435291302674182	0.7733869712548019	 	 	0.0	21.847442126030117	12.622550076927666	9.567103502301812	
2000-7-28	20.411325583801265	10.377625167170732	12.11064653156808	9.567103502301812	0.7198453912144651	 	 	0.0	20.411325583801265	12.11064653156808	8.752457281969779	
2000-7-29	26.451872664455987	10.431033267318165	11.690914139081404	8.752457281969779	0.5498106932298147	 	 	0.0	26.451872664455987	11.690914139081404	8.107845759622396	
2000-7-30	17.811441527665608	10.484690493201708	11.364702433269986	8.107845759622396	0.7940046084896937	 	 	0.0	17.811441527665608	11.364702433269986	7.219040322015135	
2000-7-31	24.12869139851856	10.538581031790608	11.112619014257922	7.219040322015135	0.843758080832256	 	 	0.0	24.12869139851856	11.11261901425792	5.96632214670633	
2000-8-1	10.539117713279163	10.59268900129579	10.9290612662	5.96632214670633	0.9360894037939034	 	 	0.0	10.539117713279163	10.9290612662	4.935431913794858	
2000-8-2	14.446099832502805	10.646998455850287	10.808705659746439	4.935431913794858	0.880029957457888	 	 	0.0	14.446099832502805	10.808705659746439	3.9606011272194013	
2000-8-3	12.685155387029482	10.701493390208567	10.75170619416615	3.9606011272194013	0.6704465154870907	Pristine Petroleum	Arnold	11.309733552923255	12.685155387029482	12.258371783822556	14.79000638199203	
2000-8-4	20.854807267015094	10.756157744463342	12.039506190430071	14.79000638199203	0.9127358459939345	 	 	0.0	20.854807267015094	12.039506190430071	13.78246970688053	
2000-8-5	19.938254173340493	10.810975408778509	11.847172001107369	13.78246970688053	0.5043005302152449	 	 	0.0	19.938254173340493	11.847172001107367	13.183368347547715	
2000-8-6	19.292247565619775	10.865930228136783	11.686435495210093	13.183368347547715	0.988382059064443	 	 	0.0	19.292247565619775	11.686435495210093	12.086242431031879	
2000-8-7	12.260739266922611	10.921006007100662	11.549390136066814	12.086242431031879	0.5462262980687175	 	 	0.0	12.260739266922611	11.549390136066815	11.431272275511764	
2000-8-8	13.72046379283393	10.976186514585287	11.440731818740392	11.431272275511764	0.6174566938671823	 	 	0.0	13.72046379283393	11.440731818740392	10.705071724193186	
2000-8-9	17.72318556331335	11.031455488641829	11.357735968666553	10.705071724193186	0.9094836715318357	 	 	0.0	17.72318556331335	11.357735968666553	9.686844195209954	
2000-8-10	15.09594593536405	11.086796641249949	11.296829802169869	9.686844195209954	0.7294225082314262	 	 	0.0	15.09594593536405	11.296829802169869	8.848677829527132	
2000-8-11	16.37940400802577	11.142193663117965	11.258656853586375	8.848677829527132	0.5693001226623581	 	 	0.0	16.37940400802577	11.258656853586375	8.17063384941338	
2000-8-12	16.706361962113593	11.19763022848926	11.242292573903221	8.17063384941338	0.9188291505588062	 	 	0.0	16.706361962113593	11.242292573903221	7.1430608414031775	
2000-8-13	22.14017841334652	11.25308999995357	11.245623513139288	7.1430608414031775	0.8357889011525693	 	 	0.0	22.14017841334652	11.245623513139288	5.884368817440232	
2000-8-14	18.310270366486108	11.308556633261684	11.268154401561349	5.884368817440232	0.7000013772630459	 	 	0.0	18.310270366486108	11.268154401561349	5.07562358272579	
2000-8-15	21.502132676863184	11.36401378214218	11.307942672027426	5.07562358272579	0.7585367438165155	 	 	0.0	21.502132676863184	11.307942672027426	4.208342981457878	
2000-8-16	13.460076996373317	11.419445103118738	11.363764278114338	4.208342981457878	0.9691151682311446	Pristine Petroleum	Arnold	11.309733552923255	13.460076996373317	13.005005394056806	14.73490821429732	
2000-8-17	14.503378163116025	11.474834260326638	12.781028101605365	14.73490821429732	0.9263324262421538	 	 	0.0	14.503378163116025	12.781028101605367	13.69983193060377	
2000-8-18	16.15710501045729	11.530164930327018	12.583825454296914	13.699831930603773	0.8841761640144187	 	 	0.0	16.15710501045729	12.583825454296914	12.706911909137954	
2000-8-19	16.46993214981727	11.585420806917464	12.413849967328204	12.706911909137954	0.6879123790767938	 	 	0.0	16.46993214981727	12.413849967328204	11.910255672609766	
2000-8-20	15.66040249213402	11.640585605937524	12.273186529106578	11.910255672609765	0.5959245487399717	 	 	0.0	15.66040249213402	12.27318652910658	11.205587266418398	
2000-8-21	14.658210313084462	11.695643070067721	12.161346649059023	11.205587266418398	0.8542483644219004	 	 	0.0	14.658210313084462	12.161346649059023	10.242595044545102	
2000-8-22	18.3891718800635	11.750576973620669	12.074097706596685	10.242595044545102	0.5942035091135199	 	 	0.0	18.3891718800635	12.074097706596685	9.539647677980186	
2000-8-23	11.85893187501293	11.805371127322843	12.012676040862903	9.539647677980186	0.8024080454765047	 	 	0.0	11.85893187501293	12.012676040862903	8.628495775052286	
2000-8-24	15.815884267548965	11.860009383085648	11.973960336705026	8.628495775052286	0.6265926217778334	 	 	0.0	15.815884267548965	11.973960336705026	7.893159295823057	
2000-8-25	16.666072867864525	11.914475638764323	11.957412350523635	7.8931592958230565	0.9179287668838253	 	 	0.0	16.666072867864525	11.957412350523635	6.866486671487835	
2000-8-26	14.182293333633657	11.96875384290332	11.96106172468474	6.866486671487835	0.6150991573511325	 	 	0.0	14.182293333633657	11.96106172468474	5.828484391326326	
2000-8-27	16.642333255409667	12.022827999466749	11.983404716047884	5.828484391326325	0.556509354576686	 	 	0.0	16.642333255409667	11.983404716047884	5.163231179298241	
2000-8-28	19.34399496335662	12.076682172552472	12.021494762276477	5.163231179298241	0.8679054861141609	 	 	0.0	19.34399496335662	12.021494762276477	4.186581835732683	
2000-8-29	16.082601973564948	12.130300491088493	12.07629305328216	4.186581835732683	0.847091153099968	Dodgy Diesel	Trevor	11.309733552923255	16.082601973564948	15.193280459639183	14.868366739507254	
2000-8-30	15.923716548020101	12.183667153510232	14.755721026482066	14.868366739507254	0.6140073614702658	 	 	0.0	15.923716548020101	14.755721026482066	14.145615520585592	
2000-8-31	16.42624606747394	12.236766432417324	14.37054915692055	14.145615520585594	0.6559917168473133	 	 	0.0	16.42624606747394	14.37054915692055	13.380879946286887	
2000-9-1	18.287551374571464	12.289582679208555	14.033872206645064	13.380879946286884	0.9366826964917842	 	 	0.0	18.287551374571464	14.033872206645064	12.335453392343705	
2000-9-2	22.381796879602092	12.34210032869357	13.73647156428961	12.335453392343704	0.8705422215510373	 	 	0.0	22.381796879602092	13.73647156428961	11.356167313341272	
2000-9-3	17.18037784138711	12.394303903680013	13.479688967908682	11.356167313341272	0.8488079297296075	 	 	0.0	17.18037784138711	13.479688967908684	10.398615526160269	
2000-9-4	14.703139294434271	12.446178019534722	13.26324534850974	10.398615526160269	0.8604995390741612	 	 	0.0	14.703139294434271	13.26324534850974	9.429372129634713	
2000-9-5	15.112815366267052	12.497707388717657	13.085917460953727	9.429372129634713	0.5190665232801754	 	 	0.0	15.112815366267052	13.085917460953727	8.801561748903142	
2000-9-6	14.582417862366283	12.548876825287204	12.95234300464741	8.801561748903142	0.9002787973804655	 	 	0.0	14.582417862366283	12.95234300464741	7.792539094071279	
2000-9-7	17.13049122805174	12.59967124937554	12.852804890272667	7.792539094071279	0.7811530113935001	 	 	0.0	17.13049122805174	12.852804890272667	6.902642225226383	
2000-9-8	14.311771475312456	12.65007569163274	12.787865406377604	6.902642225226383	0.8522996385996715	 	 	0.0	14.311771475312456	12.787865406377604	5.627439463816336	
2000-9-9	14.00471172724748	12.70007529763832	12.754943785655232	5.627439463816336	0.5781040634985293	 	 	0.0	14.00471172724748	12.754943785655232	4.940591542866411	
2000-9-10	18.792008409838402	12.749655332278893	12.752684973005884	4.940591542866411	0.7040465823684757	 	 	0.0	18.792008409838402	12.752684973005884	4.127801103046538	
2000-9-11	14.250212858755775	12.798801184090681	12.776260653747292	4.127801103046538	0.635678172726564	Pristine Petroleum	Jeff	11.309733552923255	14.250212858755775	13.910586980434838	14.997784286776398	
2000-9-12	17.918756802729686	12.847498369565582	13.757609459761985	14.997784286776398	0.6797671363535195	 	 	0.0	17.918756802729686	13.757609459761985	14.20927329297148	
2000-9-13	14.566823577338022	12.895732537419514	13.626570548194973	14.20927329297148	0.8524267287420928	 	 	0.0	14.566823577338022	13.626570548194973	13.248102706777992	
2000-9-14	13.306272538025839	12.943489472821819	13.515014067918264	13.248102706777992	0.7073208295779594	 	 	0.0	13.306272538025839	13.515014067918264	12.432038019748637	
2000-9-15	13.677664336576184	12.990755101584435	13.423640915850545	12.432038019748637	0.9707723531721147	 	 	0.0	13.677664336576184	13.423640915850545	11.352521809125129	
2000-9-16	13.304365813227415	13.037515494309616	13.349769108516329	11.35252180912513	0.7783989851438621	 	 	0.0	13.304365813227415	13.349769108516329	10.465378966529872	
2000-9-17	14.8342183571595	13.083756870495	13.294433777426697	10.465378966529872	0.6772215809269885	 	 	0.0	14.8342183571595	13.294433777426697	9.679413528151489	
2000-9-18	15.884151345235962	13.129465602594777	13.25723977971788	9.679413528151489	0.949229055174847	 	 	0.0	15.884151345235962	13.25723977971788	8.621440615525247	
2000-9-19	13.686330108150328	13.174628220035803	13.236242834628767	8.621440615525247	0.9058317434677374	 	 	0.0	13.686330108150328	13.236242834628769	7.6068650146061145	
2000-9-20	13.502611047649566	13.219231413187417	13.231317724655048	7.6068650146061145	0.7921216501011812	 	 	0.0	13.502611047649566	13.231317724655048	6.705999507053538	
2000-9-21	16.032932599405488	13.263262037283873	13.241869590588061	6.705999507053538	0.7042652761538049	 	 	0.0	16.032932599405488	13.24186959058806	5.578831108089355	
2000-9-22	13.137016230356345	13.306707116298155	13.26640820121914	5.578831108089355	0.8250465450773682	 	 	0.0	13.137016230356345	13.26640820121914	4.64504070556059	
2000-9-23	11.790970515112823	13.349553846766064	13.30420270482395	4.64504070556059	0.6785615734434247	 	 	0.0	11.790970515112823	13.30420270482395	3.857735274665769	
2000-9-24	14.60090628391921	13.391789601559465	13.352143333184102	3.857735274665769	0.5984743409727394	Pristine Petroleum	Arnold	11.309733552923255	14.60090628391921	14.328737834132975	14.769357887972522	
2000-9-25	22.22919142279483	13.433401933607565	14.197802601336862	14.769357887972522	0.5812912713179301	 	 	0.0	22.22919142279483	14.197802601336862	14.079322759203198	
2000-9-26	17.865772249385184	13.474378579565109	14.086720901203751	14.079322759203198	0.778075049684098	 	 	0.0	17.865772249385184	14.086720901203751	13.192503852067704	
2000-9-27	13.925851252500934	13.51470746342645	13.99285168578413	13.192503852067704	0.7368308836883664	 	 	0.0	13.925851252500934	13.99285168578413	12.346929110927944	
2000-9-28	13.301235283369401	13.554376700084411	13.915848160155926	12.346929110927942	0.6522786987372626	 	 	0.0	13.301235283369401	13.915848160155926	11.585906554739285	
2000-9-29	18.118049949360646	13.593374598832867	13.855398082409435	11.585906554739285	0.5963172730994313	 	 	0.0	18.118049949360646	13.855398082409435	10.880845424188458	
2000-9-30	20.01713988465216	13.63168966681206	13.81066712995986	10.880845424188458	0.8773523294962473	 	 	0.0	20.01713988465216	13.81066712995986	9.894749237240815	
2000-10-1	12.198814141233301	13.669310612395591	13.779494999065179	9.894749237240815	0.5055909656401311	 	 	0.0	12.198814141233301	13.779494999065179	9.280414414149288	
2000-10-2	11.820082346792367	13.706226348518118	13.762231259802965	9.280414414149288	0.815465799967247	 	 	0.0	11.820082346792367	13.762231259802965	8.356204756730644	
2000-10-3	16.163924670141498	13.742425995942765	13.757028503406234	8.356204756730644	0.7166365716431765	 	 	0.0	16.163924670141498	13.757028503406234	7.530824327636071	
2000-10-4	12.678531356555878	13.777898886467284	13.763138074583575	7.530824327636071	0.6812032768435407	 	 	0.0	12.678531356555878	13.763138074583576	6.7408771933411336	
2000-10-5	12.047894067115005	13.812634566068017	13.77940872827088	6.7408771933411336	0.6173949863297771	 	 	0.0	12.047894067115005	13.77940872827088	5.700579084200981	
2000-10-6	13.491557674207323	13.846622797980746	13.804318453884019	5.700579084200981	0.8431430097687387	 	 	0.0	13.491557674207323	13.80431845388402	4.748692216980846	
2000-10-7	16.25749039474543	13.879853565717532	13.837924287954118	4.748692216980846	0.622780876832924	 	 	0.0	16.25749039474543	13.837924287954118	4.017167482696525	
2000-10-8	13.813904715068295	13.912317076018587	13.87705043135275	4.017167482696525	0.9111820828409084	Dodgy Diesel	Trevor	11.309733552923255	13.813904715068295	13.82714732001233	14.606133153616325	
2000-10-9	15.502407425928018	13.944003761738422	13.844422053477635	14.606133153616325	0.9978848666659719	 	 	0.0	15.502407425928018	13.844422053477635	13.499504429498957	
2000-10-10	10.13171143341806	13.974904284665318	13.865330375126616	13.499504429498957	0.5916940683055191	 	 	0.0	10.13171143341806	13.865330375126616	12.79906650374204	
2000-10-11	10.37999467708281	14.005009538273333	13.888968649040162	12.79906650374204	0.6827615591436788	 	 	0.0	10.37999467708281	13.888968649040162	12.007561087146968	
2000-10-12	12.031943083999495	14.034310650406049	13.91523085482209	12.007561087146968	0.6586238226439267	 	 	0.0	12.031943083999495	13.91523085482209	11.240193407051645	
2000-10-13	12.821394646909951	14.06279898589123	13.943768866885758	11.240193407051645	0.6001136015882441	 	 	0.0	12.821394646909951	13.943768866885756	10.531335948012005	
2000-10-14	15.035532835770027	14.090466149085648	13.974107689278343	10.531335948012005	0.7718085140458971	 	 	0.0	15.035532835770027	13.974107689278343	9.650783576514712	
2000-10-15	9.194886399505757	14.11730398634932	14.00651658219669	9.650783576514712	0.7981028579435216	 	 	0.0	9.194886399505757	14.00651658219669	8.743936861119794	
2000-10-16	11.966795431790628	14.143304588448418	14.040806775869015	8.743936861119794	0.897264013380784	 	 	0.0	11.966795431790628	14.040806775869015	7.737928990287614	
2000-10-17	15.689137013440474	14.168460292886163	14.077144940249829	7.737928990287616	0.8664158611012152	 	 	0.0	15.689137013440474	14.077144940249829	6.762769271735005	
2000-10-18	16.110121784662486	14.192763686160996	14.115035802419746	6.762769271735005	0.9603114479486557	 	 	0.0	16.110121784662486	14.115035802419746	5.379554700975973	
2000-10-19	16.75046137139207	14.216207605951364	14.154782762443439	5.379554700975973	0.5491478696901952	 	 	0.0	16.75046137139207	14.154782762443439	4.721662973834381	
2000-10-20	12.186829052971243	14.238785143226501	14.192384392745456	4.721662973834381	0.6765408529417025	 	 	0.0	12.186829052971243	14.192384392745456	3.9363782634412825	
2000-10-21	17.78694516007275	14.26048964428254	14.228953310706673	3.9363782634412825	0.6708098711773793	Dodgy Diesel	Francis	11.309733552923255	17.78694516007275	17.012432383855113	14.816122705643908	
2000-10-22	10.307843750030697	14.281314712703402	16.613118610572798	14.816122705643908	0.8893390118169902	 	 	0.0	10.307843750030697	16.613118610572798	13.818039836375522	
2000-10-23	8.675171870048773	14.301254211245832	16.25028303142413	13.818039836375522	0.8242052499582112	 	 	0.0	8.675171870048773	16.25028303142413	12.885090728965915	
2000-10-24	12.127230710805714	14.320302263648092	15.925034843294632	12.885090728965915	0.8090230380667371	 	 	0.0	12.127230710805714	15.925034843294632	11.911756933906496	
2000-10-25	11.51309468517126	14.338453256361706	15.635323586962052	11.911756933906497	0.755516015976366	 	 	0.0	11.51309468517126	15.63532358696205	10.991930160937446	
2000-10-26	15.20305646779481	14.355701840205812	15.38161743466149	10.991930160937446	0.7917931635851015	 	 	0.0	15.20305646779481	15.38161743466149	10.035826240359661	
2000-10-27	17.131627675902227	14.372042931943582	15.161829337909847	10.035826240359661	0.7335379040618912	 	 	0.0	17.131627675902227	15.161829337909847	9.137977579305085	
2000-10-28	8.278424685709023	14.387471715780274	14.976140996717058	9.137977579305085	0.680459490522072	 	 	0.0	8.278424685709023	14.976140996717058	8.29320733179033	
2000-10-29	10.621904240492297	14.401983644782474	14.823914884545234	8.29320733179033	0.53308934158156	 	 	0.0	10.621904240492297	14.823914884545236	7.595807233216087	
2000-10-30	10.542624932442527	14.415574442218096	14.705303055900547	7.595807233216087	0.5629719268448771	 	 	0.0	10.542624932442527	14.705303055900547	6.868524549378527	
2000-10-31	12.608773467415395	14.428240102816757	14.615905543158457	6.868524549378527	0.5445887674873301	 	 	0.0	12.608773467415395	14.615905543158457	5.845465759539534	
2000-11-1	8.772906320016546	14.439976893950142	14.552262401889294	5.845465759539535	0.8776660845175457	 	 	0.0	8.772906320016546	14.552262401889294	4.8034889180293066	
2000-11-2	6.993608582957137	14.450781356732032	14.507590816865257	4.8034889180293066	0.846473766468117	 	 	0.0	6.993608582957137	14.507590816865257	3.792704394568506	
2000-11-3	5.718172661617584	14.460650307037655	14.4814222271348	3.792704394568506	0.706234494211995	Dodgy Diesel	Trevor	11.309733552923255	5.718172661617584	7.532314048412918	14.429712788279728	
2000-11-4	8.099338215093281	14.469580836442056	8.563399995079545	14.429712788279728	0.7406251253630883	 	 	0.0	8.099338215093281	8.563399995079545	13.524776905923956	
2000-11-5	9.035601271582584	14.477570313077232	9.503713437706397	13.524776905923956	0.5955705085651313	 	 	0.0	9.035601271582584	9.503713437706397	12.76489564036614	
2000-11-6	8.385545028521978	14.484616382407744	10.344855271277522	12.76489564036614	0.6184082291601815	 	 	0.0	8.385545028521978	10.344855271277522	11.982176654213275	
2000-11-7	9.742225789454187	14.490716967924623	11.09264703813827	11.982176654213275	0.8555610185269584	 	 	0.0	9.742225789454187	11.09264703813827	10.962304878693635	
2000-11-8	6.945010056878213	14.495870271757312	11.765842714157273	10.962304878693635	0.8368365838626481	 	 	0.0	6.945010056878213	11.765842714157273	9.961157537838302	
2000-11-9	6.840203467293024	14.500074775203519	12.36328246046962	9.961157537838302	0.9360013951907334	 	 	0.0	6.840203467293024	12.36328246046962	8.860845385654885	
2000-11-10	11.188158086837552	14.50332923917678	12.89144311274262	8.860845385654885	0.755385864270652	 	 	0.0	11.188158086837552	12.89144311274262	7.941148764391549	
2000-11-11	9.498996970784576	14.505632704571626	13.338124746505342	7.941148764391551	0.5915811453112918	 	 	0.0	9.498996970784576	13.338124746505342	7.185256862087575	
2000-11-12	5.938477088947871	14.506984492546232	13.697335852677451	7.185256862087575	0.9054387830741839	 	 	0.0	5.938477088947871	13.697335852677451	5.801348056661729	
2000-11-13	6.860846125494921	14.507384204722475	13.992300448023759	5.801348056661729	0.9102473721384424	 	 	0.0	6.860846125494921	13.992300448023759	4.726789927530603	
2000-11-14	6.360554052655497	14.506831723303344	14.22232627785075	4.726789927530603	0.6991256924773404	 	 	0.0	6.360554052655497	14.22232627785075	3.863353478060579	
2000-11-15	9.698528306986399	14.505327211107648	14.377160267307351	3.863353478060579	0.976109461761737	Dodgy Diesel	Trevor	11.309733552923255	9.698528306986399	10.618123256163857	14.167652680264926	
2000-11-16	11.127030478810662	14.502871111522039	11.208458475887152	14.167652680264926	0.7451815016178233	 	 	0.0	11.127030478810662	11.208458475887152	13.258160421654416	
2000-11-17	11.385333290712774	14.499464148370336	11.744059043236435	13.258160421654416	0.5592833881720929	 	 	0.0	11.385333290712774	11.744059043236435	12.534566276489643	
2000-11-18	6.375096805040985	14.495107325700216	12.218577301605002	12.534566276489643	0.810963176272916	 	 	0.0	6.375096805040985	12.218577301605004	11.559292343224042	
2000-11-19	8.313715861183555	14.48980192748732	12.644534401428997	11.559292343224044	0.8911075333698725	 	 	0.0	8.313715861183555	12.644534401428997	10.503874052861487	
2000-11-20	11.4387663770126	14.483549517256854	13.025337257638656	10.503874052861487	0.6347633311900163	 	 	0.0	11.4387663770126	13.025337257638656	9.704799964678786	
2000-11-21	10.284974631182694	14.47635193762281	13.351502928733801	9.704799964678786	0.8502415302248973	 	 	0.0	10.284974631182694	13.351502928733801	8.690247677461205	
2000-11-22	12.388646333985713	14.468211309744941	13.633028914242669	8.690247677461205	0.8508960905371321	 	 	0.0	12.388646333985713	13.633028914242669	7.675040829931389	
2000-11-23	10.136609299383869	14.459130032703648	13.87008986588508	7.675040829931389	0.8975490507751481	 	 	0.0	10.136609299383869	13.87008986588508	6.261882905080905	
2000-11-24	5.9283457714797585	14.44911078279296	14.065461306348547	6.261882905080905	0.7745695373976883	 	 	0.0	5.9283457714797585	14.065461306348546	5.285863758966859	
2000-11-25	7.86749722223448	14.438156512731812	14.214467565418506	5.285863758966859	0.5015486124431571	 	 	0.0	7.86749722223448	14.214467565418508	4.582865537807345	
2000-11-26	6.160265468687945	14.426270450793869	14.312153901457943	4.582865537807345	0.6397308022888025	Dodgy Diesel	Trevor	11.309733552923255	6.160265468687945	8.201807860370534	15.254725686371396	
2000-11-27	5.193606874561435	14.413456099856143	9.074713257132764	15.254725686371396	0.7754222585707788	 	 	0.0	5.193606874561435	9.074713257132764	14.277853819084262	
2000-11-28	7.186411385372236	14.399717236366671	9.876148589846181	14.277853819084262	0.6043901076546905	 	 	0.0	7.186411385372236	9.876148589846181	13.472014102713217	
2000-11-29	9.695891008275103	14.385057909231586	10.596961656185982	13.472014102713217	0.9838935379316708	 	 	0.0	9.695891008275103	10.596961656185982	12.286670956065187	
2000-11-30	11.934198122547853	14.369482438621876	11.260294179914967	12.286670956065187	0.7395011507036926	 	 	0.0	11.934198122547853	11.260294179914967	11.345720196645134	
2000-12-1	5.070848757217035	14.352995414700224	11.850912675038561	11.345720196645134	0.8693255542365743	 	 	0.0	5.070848757217035	11.850912675038561	10.274945033692202	
2000-12-2	5.433798235743851	14.335601696268256	12.376773242588541	10.274945033692202	0.8515410073765555	 	 	0.0	5.433798235743851	12.376773242588541	9.221954417599289	
2000-12-3	8.22698276636304	14.317306409334623	12.83628636860505	9.221954417599289	0.5193894387324597	 	 	0.0	8.22698276636304	12.83628636860505	8.50111537015047	
2000-12-4	10.209501877526206	14.298114945604368	13.21311503034805	8.50111537015047	0.677372300043086	 	 	0.0	10.209501877526206	13.21311503034805	7.622293461391028	
2000-12-5	9.601063633148938	14.27803296088993	13.52076892705396	7.622293461391028	0.7058817045811314	 	 	0.0	9.601063633148938	13.520768927053961	6.714962148093539	
2000-12-6	7.170844494131409	14.257066373444388	13.763721206521486	6.71496214809354	0.8108062338313436	 	 	0.0	7.170844494131409	13.763721206521486	5.38854704018686	
2000-12-7	6.879980910554575	14.235221362217295	13.948575809894324	5.38854704018686	0.8178305147391761	 	 	0.0	6.879980910554575	13.948575809894324	4.369266916731327	
2000-12-8	9.78837206087085	14.212504365033725	14.076216073952482	4.369266916731327	0.9227343392451619	Pristine Petroleum	Arnold	11.309733552923255	9.78837206087085	10.74870195638543	14.803356826096122	
2000-12-9	5.917197613501362	14.18892207669702	11.248621661179216	14.803356826096122	0.5553897423210512	 	 	0.0	5.917197613501362	11.248621661179216	14.046517475058714	
2000-12-10	10.521542417057042	14.164481447015794	11.695945355667845	14.046517475058714	0.702261066754973	 	 	0.0	10.521542417057042	11.695945355667845	13.142806799587383	
2000-12-11	5.1251656135264225	14.139189678755793	12.097369137818184	13.142806799587383	0.8798461778328237	 	 	0.0	5.1251656135264225	12.097369137818184	12.061511013038201	
2000-12-12	4.973084011202896	14.113054225517214	12.459190599986071	12.061511013038203	0.639720415262194	 	 	0.0	4.973084011202896	12.459190599986071	11.220340989059649	
2000-12-13	8.348506787602249	14.086082789538086	12.773873455369332	11.220340989059649	0.7953063078498744	 	 	0.0	8.348506787602249	12.773873455369332	10.223585072493417	
2000-12-14	9.464209103207885	14.058283319424389	13.047397056982655	10.223585072493417	0.6129001126834464	 	 	0.0	9.464209103207885	13.047397056982655	9.409235351093614	
2000-12-15	7.461271333334127	14.029664007807563	13.275376436570644	9.409235351093614	0.6804667617739684	 	 	0.0	7.461271333334127	13.275376436570644	8.527318980603289	
2000-12-16	7.034828755344783	14.000233288930104	13.461724547157054	8.527318980603289	0.917095152185174	 	 	0.0	7.034828755344783	13.461724547157054	7.4087742197017565	
2000-12-17	7.868804340867441	13.96999983615995	13.613026187778736	7.408774219701757	0.509514333114905	 	 	0.0	7.868804340867441	13.613026187778736	6.697810277870495	
2000-12-18	8.2109025763758	13.9389725594344	13.720877130392186	6.697810277870495	0.8092655806291941	 	 	0.0	8.2109025763758	13.720877130392186	5.372935823165965	
2000-12-19	5.554202887551778	13.907160602634324	13.794119430257302	5.372935823165965	0.8008245804341725	 	 	0.0	5.554202887551778	13.794119430257302	4.370661634015436	
2000-12-20	7.846752884893362	13.874573340889402	13.83300915273001	4.370661634015436	0.7432606573755143	Pristine Petroleum	Jeff	11.309733552923255	7.846752884893362	9.247059040562121	14.959972801572025	
2000-12-21	6.944867567199705	13.841220377815244	9.906422537206304	14.959972801572025	0.8967530974850008	 	 	0.0	6.944867567199705	9.906422537206305	13.86177009537067	
2000-12-22	7.26650746461224	13.807111542683158	10.512083374712084	13.86177009537067	0.7254584483498538	 	 	0.0	7.26650746461224	10.512083374712084	12.934862038304457	
2000-12-23	8.67661594002962	13.772256887523413	11.055835570071318	12.934862038304457	0.7686483955738898	 	 	0.0	8.67661594002962	11.055835570071318	11.964764034014213	
2000-12-24	6.366357200407127	13.736666684162868	11.540485354617925	11.964764034014213	0.8057106100647655	 	 	0.0	6.366357200407127	11.540485354617925	10.95760381523309	
2000-12-25	11.967942557235359	13.700351421197809	11.968133286206053	10.95760381523309	0.7342834420722806	 	 	0.0	11.967942557235359	11.968133286206053	10.021870764444452	
2000-12-26	6.593772179522852	13.663321800902917	12.336304741068938	10.021870764444452	0.6301604735476123	 	 	0.0	6.593772179522852	12.336304741068938	9.130026118752522	
2000-12-27	9.45971218098551	13.625588736077257	12.644773381755684	9.130026118752522	0.7394450921100545	 	 	0.0	9.45971218098551	12.644773381755684	8.128896854498148	
2000-12-28	9.374029250704256	13.587163346828227	12.899218015371376	8.128896854498148	0.9209517269212508	 	 	0.0	9.374029250704256	12.899218015371376	6.946260955432576	
2000-12-29	8.052092540780981	13.548056957294408	13.105701920208972	6.946260955432576	0.5788875251016964	 	 	0.0	8.052092540780981	13.105701920208974	5.791529992827581	
2000-12-30	10.467851464560123	13.508281092308291	13.252445347447562	5.791529992827581	0.8725949824972649	 	 	0.0	10.467851464560123	13.252445347447562	4.657250838185995	
2000-12-31	5.79680240669449	13.467847473999857	13.350099842830945	4.657250838185995	0.6114169978579658	 	 	0.0	5.79680240669449	13.350099842830945	3.784149668183709	